#Parameters = {Lp=29.26; Ls=52.3; PinInsCon=4.1; Pincon=1.2; Pinlength=17.9; Wavelength=2.63; WavelengthsNumber=2.63; Wcon=12.7; Wf=2.63; Wp=37.74; Ws=56.5; conPlaceX=0; conPlaceY=22.37; h=1.61; hcon=1.7; hightSkrue=8; pinHole=2.4; tc=0.035; tykSkrue=6.2; y0=10.21}
#"Frequency / GHz"	"S1,1 [Magnitude / dB]"
#-----------------------------------------
2.2000000476837	-1.3540667311914
2.2004001140594	-1.3551892403159
2.2007999420166	-1.3563752268770
2.2012000083923	-1.3576231257636
2.2016000747681	-1.3589382755976
2.2019999027252	-1.3603178570771
2.2023999691010	-1.3617646404173
2.2028000354767	-1.3632792625165
2.2032001018524	-1.3648632275357
2.2035999298096	-1.3665180513242
2.2039999961853	-1.3682443948887
2.2044000625610	-1.3700420924248
2.2047998905182	-1.3719114002951
2.2051999568939	-1.3738564475423
2.2056000232697	-1.3758749469850
2.2060000896454	-1.3779689112079
2.2063999176025	-1.3801390848268
2.2067999839783	-1.3823857801658
2.2072000503540	-1.3847093307023
2.2076001167297	-1.3871109414038
2.2079999446869	-1.3895909560124
2.2084000110626	-1.3921489354701
2.2088000774384	-1.3947864788616
2.2091999053955	-1.3975040152970
2.2095999717712	-1.4003002354751
2.2100000381470	-1.4031772604609
2.2104001045227	-1.4061346870007
2.2107999324799	-1.4091720803196
2.2111999988556	-1.4122911529981
2.2116000652313	-1.4154903156997
2.2119998931885	-1.4187712558523
2.2123999595642	-1.4221335782201
2.2128000259399	-1.4255774347080
2.2132000923157	-1.4291024274990
2.2135999202728	-1.4327069845385
2.2139999866486	-1.4363945924719
2.2144000530243	-1.4401631855935
2.2147998809814	-1.4440117167921
2.2151999473572	-1.4479419397290
2.2156000137329	-1.4519514839155
2.2160000801086	-1.4560422793529
2.2163999080658	-1.4602139637815
2.2167999744415	-1.4644646772589
2.2172000408173	-1.4687953468260
2.2176001071930	-1.4732062024300
2.2179999351501	-1.4776946660985
2.2184000015259	-1.4822629225851
2.2188000679016	-1.4869095823291
2.2191998958588	-1.4916337016991
2.2195999622345	-1.4964348310859
2.2200000286102	-1.5013122854139
2.2204000949860	-1.5062671384527
2.2207999229431	-1.5112971562960
2.2211999893188	-1.5164023403152
2.2216000556946	-1.5215840244969
2.2219998836517	-1.5268386917422
2.2223999500275	-1.5321668189534
2.2228000164032	-1.5375677647404
2.2232000827789	-1.5430416170784
2.2235999107361	-1.5485867093172
2.2239999771118	-1.5542033780881
2.2244000434875	-1.5598907075745
2.2248001098633	-1.5656470844010
2.2251999378204	-1.5714718360878
2.2256000041962	-1.5773659146678
2.2260000705719	-1.5833282732452
2.2263998985291	-1.5893561458235
2.2267999649048	-1.5954500197842
2.2272000312805	-1.6016103760843
2.2276000976562	-1.6078338481569
2.2279999256134	-1.6141220152649
2.2283999919891	-1.6204726779983
2.2288000583649	-1.6268854423232
2.2291998863220	-1.6333600132035
2.2295999526978	-1.6398950630201
2.2300000190735	-1.6464894047381
2.2304000854492	-1.6531429892870
2.2307999134064	-1.6598537067752
2.2311999797821	-1.6666237136754
2.2316000461578	-1.6734505088472
2.2320001125336	-1.6803303417472
2.2323999404907	-1.6872663190118
2.2328000068665	-1.6942557726614
2.2332000732422	-1.7012976855475
2.2335999011993	-1.7083933148742
2.2339999675751	-1.7155389902858
2.2344000339508	-1.7227364580897
2.2348001003265	-1.7299837193040
2.2351999282837	-1.7372806483954
2.2355999946594	-1.7446237804891
2.2360000610352	-1.7520151235371
2.2363998889923	-1.7594537640026
2.2367999553680	-1.7669380135603
2.2372000217438	-1.7744665232384
2.2376000881195	-1.7820395803514
2.2379999160767	-1.7896558243493
2.2383999824524	-1.7973153132930
2.2388000488281	-1.8050154663436
2.2392001152039	-1.8127586303882
2.2395999431610	-1.8205411748048
2.2400000095367	-1.8283626754734
2.2404000759125	-1.8362249711903
2.2407999038696	-1.8441252299612
2.2411999702454	-1.8520620905057
2.2416000366211	-1.8600364948420
2.2420001029968	-1.8680473996545
2.2423999309540	-1.8760945201184
2.2427999973297	-1.8841757082789
2.2432000637054	-1.8922917024620
2.2435998916626	-1.9004411757220
2.2439999580383	-1.9086246715849
2.2444000244141	-1.9168407971240
2.2448000907898	-1.9250885907230
2.2451999187469	-1.9333673555724
2.2455999851227	-1.9416787755634
2.2460000514984	-1.9500197682341
2.2464001178741	-1.9583929686837
2.2467999458313	-1.9667946158678
2.2472000122070	-1.9752259528204
2.2476000785828	-1.9836854461322
2.2479999065399	-1.9921738080835
2.2483999729156	-2.0006909263544
2.2488000392914	-2.0092353110144
2.2492001056671	-2.0178091906182
2.2495999336243	-2.0264084113578
2.2500000000000	-2.0350358746124
2.2504000663757	-2.0436888230992
2.2507998943329	-2.0523701947973
2.2511999607086	-2.0610756146509
2.2516000270844	-2.0698100561659
2.2520000934601	-2.0785684760262
2.2523999214172	-2.0873538286596
2.2527999877930	-2.0961648081253
2.2532000541687	-2.1050021476769
2.2535998821259	-2.1138641314061
2.2539999485016	-2.1227546358412
2.2544000148773	-2.1316680557209
2.2548000812531	-2.1406084124347
2.2551999092102	-2.1495756996759
2.2555999755859	-2.1585672634682
2.2560000419617	-2.1675861839555
2.2564001083374	-2.1766322276851
2.2567999362946	-2.1857025694488
2.2572000026703	-2.1948019647552
2.2576000690460	-2.2039266373330
2.2579998970032	-2.2130783730693
2.2583999633789	-2.2222584024965
2.2588000297546	-2.2314659105541
2.2592000961304	-2.2407026804900
2.2595999240875	-2.2499669596952
2.2599999904633	-2.2592601613020
2.2604000568390	-2.2685833106890
2.2607998847961	-2.2779350315081
2.2611999511719	-2.2873193161638
2.2616000175476	-2.2967325539004
2.2620000839233	-2.3061772801832
2.2623999118805	-2.3156548491170
2.2627999782562	-2.3251642810990
2.2632000446320	-2.3347071325207
2.2636001110077	-2.3442837215446
2.2639999389648	-2.3538952111893
2.2644000053406	-2.3635410065879
2.2648000717163	-2.3732230424293
2.2651998996735	-2.3829421494734
2.2655999660492	-2.3926990009830
2.2660000324249	-2.4024925736424
2.2664000988007	-2.4123268887493
2.2667999267578	-2.4221994014785
2.2671999931335	-2.4321145998457
2.2676000595093	-2.4420708172022
2.2679998874664	-2.4520697190580
2.2683999538422	-2.4621123225064
2.2688000202179	-2.4721992787917
2.2692000865936	-2.4823324095741
2.2695999145508	-2.4925128206250
2.2699999809265	-2.5027392738905
2.2704000473022	-2.5130154566099
2.2708001136780	-2.5233417180303
2.2711999416351	-2.5337193143518
2.2716000080109	-2.5441478320159
2.2720000743866	-2.5546317540083
2.2723999023438	-2.5651702622965
2.2727999687195	-2.5757626542029
2.2732000350952	-2.5864136116731
2.2736001014709	-2.5971218475754
2.2739999294281	-2.6078916937622
2.2743999958038	-2.6187197293754
2.2748000621796	-2.6296120272151
2.2751998901367	-2.6405673925780
2.2755999565125	-2.6515867802545
2.2760000228882	-2.6626749260678
2.2764000892639	-2.6738292754363
2.2767999172211	-2.6850532859088
2.2771999835968	-2.6963478933801
2.2776000499725	-2.7077137732235
2.2780001163483	-2.7191534698317
2.2783999443054	-2.7306688917856
2.2788000106812	-2.7422604318285
2.2792000770569	-2.7539304365076
2.2795999050140	-2.7656802049773
2.2799999713898	-2.7775091994772
2.2804000377655	-2.7894239442247
2.2808001041412	-2.8014206580465
2.2811999320984	-2.8135057106699
2.2815999984741	-2.8256761379599
2.2820000648499	-2.8379362398269
2.2823998928070	-2.8502880024629
2.2827999591827	-2.8627305605339
2.2832000255585	-2.8752687067802
2.2836000919342	-2.8879029767356
2.2839999198914	-2.9006337314396
2.2843999862671	-2.9134639928424
2.2848000526428	-2.9263954120298
2.2852001190186	-2.9394290695328
2.2855999469757	-2.9525671865852
2.2860000133514	-2.9658115012673
2.2864000797272	-2.9791644874036
2.2867999076843	-2.9926256392255
2.2871999740601	-3.0062000254256
2.2876000404358	-3.0198860167686
2.2880001068115	-3.0336881193690
2.2883999347687	-3.0476055127554
2.2888000011444	-3.0616421787481
2.2892000675201	-3.0757987676515
2.2895998954773	-3.0900791407375
2.2899999618530	-3.1044810296834
2.2904000282288	-3.1190106467678
2.2908000946045	-3.1336672296143
2.2911999225616	-3.1484534330487
2.2915999889374	-3.1633711966347
2.2920000553131	-3.1784205158464
2.2923998832703	-3.1936060743140
2.2927999496460	-3.2089279294004
2.2932000160217	-3.2243891262093
2.2936000823975	-3.2399897604554
2.2939999103546	-3.2557341305394
2.2943999767303	-3.2716213577442
2.2948000431061	-3.2876566483744
2.2952001094818	-3.3038368032987
2.2955999374390	-3.3201704737002
2.2960000038147	-3.3366526527158
2.2964000701904	-3.3532900509920
2.2967998981476	-3.3700830635786
2.2971999645233	-3.3870324079958
2.2976000308990	-3.4041413140690
2.2980000972748	-3.4214101103689
2.2983999252319	-3.4388436543748
2.2987999916077	-3.4564398042460
2.2992000579834	-3.4742039924716
2.2995998859406	-3.4921363919250
2.2999999523163	-3.5102386502652
2.3004000186920	-3.5285129301001
2.3008000850677	-3.5469618960877
2.3011999130249	-3.5655852099879
2.3015999794006	-3.5843879325923
2.3020000457764	-3.6033683035402
2.3024001121521	-3.6225314772195
2.3027999401093	-3.6418765702993
2.3032000064850	-3.6614064025680
2.3036000728607	-3.6811229435695
2.3039999008179	-3.7010290482328
2.3043999671936	-3.7211252216513
2.3048000335693	-3.7414115755608
2.3052000999451	-3.7618945943891
2.3055999279022	-3.7825705766912
2.3059999942780	-3.8034457577328
2.3064000606537	-3.8245182829252
2.3067998886108	-3.8457930927675
2.3071999549866	-3.8672698611064
2.3076000213623	-3.8889516659913
2.3080000877380	-3.9108387358286
2.3083999156952	-3.9329343027613
2.3087999820709	-3.9552382718615
2.3092000484467	-3.9777540762940
2.3096001148224	-4.0004811425685
2.3099999427795	-4.0234236811275
2.3104000091553	-4.0465827442382
2.3108000755310	-4.0699585082789
2.3111999034882	-4.0935547747074
2.3115999698639	-4.1173702113739
2.3120000362396	-4.1414077373593
2.3124001026154	-4.1656709391920
2.3127999305725	-4.1901572687806
2.3131999969482	-4.2148730255240
2.3136000633240	-4.2398170198739
2.3139998912811	-4.2649902865121
2.3143999576569	-4.2903931013118
2.3148000240326	-4.3160315048213
2.3152000904083	-4.3419030486248
2.3155999183655	-4.3680108649947
2.3159999847412	-4.3943550904232
2.3164000511169	-4.4209377136639
2.3168001174927	-4.4477596678255
2.3171999454498	-4.4748234241245
2.3176000118256	-4.5021283595423
2.3180000782013	-4.5296774098923
2.3183999061584	-4.5574702497047
2.3187999725342	-4.5855109350251
2.3192000389099	-4.6137964300053
2.3196001052856	-4.6423330690795
2.3199999332428	-4.6711158720198
2.3203999996185	-4.7001496320223
2.3208000659943	-4.7294354650077
2.3211998939514	-4.7589720694176
2.3215999603271	-4.7887632545113
2.3220000267029	-4.8188073425406
2.3224000930786	-4.8491069319720
2.3227999210358	-4.8796627044037
2.3231999874115	-4.9104729684446
2.3236000537872	-4.9415434433167
2.3239998817444	-4.9728698478450
2.3243999481201	-5.0044545309013
2.3248000144958	-5.0362975672547
2.3252000808716	-5.0684007418926
2.3255999088287	-5.1007650047791
2.3259999752045	-5.1333890247709
2.3264000415802	-5.1662730362177
2.3268001079559	-5.1994190369339
2.3271999359131	-5.2328256645073
2.3276000022888	-5.2664924923115
2.3280000686646	-5.3004220508513
2.3283998966217	-5.3346135647484
2.3287999629974	-5.3690652060042
2.3292000293732	-5.4037776003288
2.3296000957489	-5.4387527186699
2.3299999237061	-5.4739858617843
2.3303999900818	-5.5094817147111
2.3308000564575	-5.5452362905381
2.3311998844147	-5.5812498596292
2.3315999507904	-5.6175219652334
2.3320000171661	-5.6540519173929
2.3324000835419	-5.6908380539990
2.3327999114990	-5.7278811869336
2.3331999778748	-5.7651779978349
2.3336000442505	-5.8027293982446
2.3340001106262	-5.8405317208017
2.3343999385834	-5.8785864570524
2.3348000049591	-5.9168888589384
2.3352000713348	-5.9554404245442
2.3355998992920	-5.9942356456370
2.3359999656677	-6.0332766575056
2.3364000320435	-6.0725588590097
2.3368000984192	-6.1120804970375
2.3371999263763	-6.1518379183295
2.3375999927521	-6.1918320495080
2.3380000591278	-6.2320565682877
2.3383998870850	-6.2725098544685
2.3387999534607	-6.3131893646915
2.3392000198364	-6.3540913511477
2.3396000862122	-6.3952130255323
2.3399999141693	-6.4365493808412
2.3403999805450	-6.4780972018268
2.3408000469208	-6.5198528828355
2.3412001132965	-6.5618109227257
2.3415999412537	-6.6039694089731
2.3420000076294	-6.6463219484433
2.3424000740051	-6.6888646068611
2.3427999019623	-6.7315902413213
2.3431999683380	-6.7744949586947
2.3436000347137	-6.8175724740256
2.3440001010895	-6.8608193077249
2.3443999290466	-6.9042250020277
2.3447999954224	-6.9477859124395
2.3452000617981	-6.9914954109803
2.3455998897552	-7.0353451125206
2.3459999561310	-7.0793291025456
2.3464000225067	-7.1234386750326
2.3468000888824	-7.1676661218484
2.3471999168396	-7.2120038699849
2.3475999832153	-7.2564438337111
2.3480000495911	-7.3009746125873
2.3484001159668	-7.3455893325333
2.3487999439240	-7.3902768912564
2.3492000102997	-7.4350296581662
2.3496000766754	-7.4798342295790
2.3499999046326	-7.5246807452092
2.3503999710083	-7.5695610072771
2.3508000373840	-7.6144599160370
2.3512001037598	-7.6593672281657
2.3515999317169	-7.7042705885801
2.3519999980927	-7.7491575356573
2.3524000644684	-7.7940139632411
2.3527998924255	-7.8388267332206
2.3531999588013	-7.8835836248226
2.3536000251770	-7.9282671758701
2.3540000915527	-7.9728653166718
2.3543999195099	-8.0173622352387
2.3547999858856	-8.0617411826219
2.3552000522614	-8.1059870627553
2.3556001186371	-8.1500823682043
2.3559999465942	-8.1940110409184
2.3564000129700	-8.2377544808342
2.3568000793457	-8.2812982573231
2.3571999073029	-8.3246188603262
2.3575999736786	-8.3677009818213
2.3580000400543	-8.4105256270011
2.3584001064301	-8.4530725336005
2.3587999343872	-8.4953203013852
2.3592000007629	-8.5372493966321
2.3596000671387	-8.5788394030149
2.3599998950958	-8.6200684846900
2.3603999614716	-8.6609172929007
2.3608000278473	-8.7013604307650
2.3612000942230	-8.7413772505189
2.3615999221802	-8.7809452962507
2.3619999885559	-8.8200427830290
2.3624000549316	-8.8586445885631
2.3627998828888	-8.8967274398585
2.3631999492645	-8.9342684565350
2.3636000156403	-8.9712417168088
2.3640000820160	-9.0076269359197
2.3643999099731	-9.0433971931357
2.3647999763489	-9.0785284526404
2.3652000427246	-9.1129955146428
2.3656001091003	-9.1467763480998
2.3659999370575	-9.1798436697053
2.3664000034332	-9.2121756556021
2.3668000698090	-9.2437441918824
2.3671998977661	-9.2745291706216
2.3675999641418	-9.3045046046295
2.3680000305176	-9.3336445411742
2.3684000968933	-9.3619284377824
2.3687999248505	-9.3893319954223
2.3691999912262	-9.4158311098336
2.3696000576019	-9.4414045344629
2.3699998855591	-9.4660296564416
2.3703999519348	-9.4896841783322
2.3708000183105	-9.5123478727464
2.3712000846863	-9.5339993107415
2.3715999126434	-9.5546199125792
2.3719999790192	-9.5741880882662
2.3724000453949	-9.5926887707497
2.3728001117706	-9.6101005728867
2.3731999397278	-9.6264095986863
2.3736000061035	-9.6415997051094
2.3740000724792	-9.6556550829501
2.3743999004364	-9.6685623321651
2.3747999668121	-9.6803078289473
2.3752000331879	-9.6908803286650
2.3756000995636	-9.7002678617888
2.3759999275208	-9.7084627414581
2.3763999938965	-9.7154545703546
2.3768000602722	-9.7212386723232
2.3771998882294	-9.7258052506625
2.3775999546051	-9.7291519899391
2.3780000209808	-9.7312759535504
2.3784000873566	-9.7321721890254
2.3787999153137	-9.7318398901775
2.3791999816895	-9.7302811308228
2.3796000480652	-9.7274957149096
2.3800001144409	-9.7234865650933
2.3803999423981	-9.7182579884419
2.3808000087738	-9.7118134118611
2.3812000751495	-9.7041615906889
2.3815999031067	-9.6953084231739
2.3819999694824	-9.6852628686566
2.3824000358582	-9.6740343776156
2.3828001022339	-9.6616355497077
2.3831999301910	-9.6480754631934
2.3835999965668	-9.6333702460593
2.3840000629425	-9.6175326516762
2.3843998908997	-9.6005765596295
2.3847999572754	-9.5825199325808
2.3852000236511	-9.5633787202738
2.3856000900269	-9.5431700685423
2.3859999179840	-9.5219138841551
2.3863999843597	-9.4996272618615
2.3868000507355	-9.4763329695187
2.3872001171112	-9.4520489063177
2.3875999450684	-9.4267970677807
2.3880000114441	-9.4005998519144
2.3884000778198	-9.3734785004148
2.3887999057770	-9.3454559633581
2.3891999721527	-9.3165559308885
2.3896000385284	-9.2868006764619
2.3900001049042	-9.2562132602522
2.3903999328613	-9.2248200411492
2.3907999992371	-9.1926408282290
2.3912000656128	-9.1597050110274
2.3915998935699	-9.1260343506409
2.3919999599457	-9.0916518586513
2.3924000263214	-9.0565848912499
2.3928000926971	-9.0208536958413
2.3931999206543	-8.9844864262979
2.3935999870300	-8.9475058342765
2.3940000534058	-8.9099349758444
2.3943998813629	-8.8718003118843
2.3947999477386	-8.8331231566508
2.3952000141144	-8.7939278479209
2.3956000804901	-8.7542383090975
2.3959999084473	-8.7140764532706
2.3963999748230	-8.6734652672436
2.3968000411987	-8.6324275386383
2.3972001075745	-8.5909850521293
2.3975999355316	-8.5491599721018
2.3980000019073	-8.5069732724723
2.3984000682831	-8.4644462796730
2.3987998962402	-8.4215983649846
2.3991999626160	-8.3784521016440
2.3996000289917	-8.3350247554727
2.4000000953674	-8.2913376810691
2.4003999233246	-8.2474075539699
2.4007999897003	-8.2032549454882
2.4012000560760	-8.1588979814536
2.4015998840332	-8.1143524150758
2.4019999504089	-8.0696372399414
2.4024000167847	-8.0247685869331
2.4028000831604	-7.9797630346935
2.4031999111176	-7.9346363842069
2.4035999774933	-7.8894028084535
2.4040000438690	-7.8440795419064
2.4044001102448	-7.7986799842181
2.4047999382019	-7.7532180087143
2.4052000045776	-7.7077082700043
2.4056000709534	-7.6621624968036
2.4059998989105	-7.6165956279192
2.4063999652863	-7.5710182432339
2.4068000316620	-7.5254443120502
2.4072000980377	-7.4798851126841
2.4075999259949	-7.4343504127185
2.4079999923706	-7.3888516239053
2.4084000587463	-7.3434006837812
2.4087998867035	-7.2980070341820
2.4091999530792	-7.2526799798613
2.4096000194550	-7.2074280532871
2.4100000858307	-7.1622630818486
2.4103999137878	-7.1171925885242
2.4107999801636	-7.0722235782993
2.4112000465393	-7.0273668759208
2.4116001129150	-6.9826274734623
2.4119999408722	-6.9380145053850
2.4124000072479	-6.8935356215285
2.4128000736237	-6.8491965996343
2.4131999015808	-6.8050049695349
2.4135999679565	-6.7609653693176
2.4140000343323	-6.7170855629958
2.4144001007080	-6.6733713673218
2.4147999286652	-6.6298268265022
2.4151999950409	-6.5864595996112
2.4156000614166	-6.5432727660754
2.4159998893738	-6.5002720235990
2.4163999557495	-6.4574614871048
2.4168000221252	-6.4148469375167
2.4172000885010	-6.3724308294865
2.4175999164581	-6.3302182685746
2.4179999828339	-6.2882127680834
2.4184000492096	-6.2464169984932
2.4188001155853	-6.2048355647706
2.4191999435425	-6.1634711193335
2.4196000099182	-6.1223284476875
2.4200000762939	-6.0814071074300
2.4203999042511	-6.0407126899211
2.4207999706268	-6.0002466264940
2.4212000370026	-5.9600110601314
2.4216001033783	-5.9200094373808
2.4219999313354	-5.8802424249777
2.4223999977112	-5.8407127826891
2.4228000640869	-5.8014223334808
2.4231998920441	-5.7623728726918
2.4235999584198	-5.7235658455417
2.4240000247955	-5.6850024448306
2.4244000911713	-5.6466849838525
2.4247999191284	-5.6086139283405
2.4251999855042	-5.5707898048680
2.4256000518799	-5.5332163549649
2.4260001182556	-5.4958907729849
2.4263999462128	-5.4588160541973
2.4268000125885	-5.4219923960897
2.4272000789642	-5.3854219530867
2.4275999069214	-5.3491031202875
2.4279999732971	-5.3130384969419
2.4284000396729	-5.2772255358994
2.4288001060486	-5.2416686984249
2.4291999340057	-5.2063650501362
2.4296000003815	-5.1713156105612
2.4300000667572	-5.1365192818029
2.4303998947144	-5.1019778237771
2.4307999610901	-5.0676920851046
2.4312000274658	-5.0336591878385
2.4316000938416	-4.9998816029689
2.4319999217987	-4.9663578068632
2.4323999881744	-4.9330880167408
2.4328000545502	-4.9000715647634
2.4331998825073	-4.8673092288151
2.4335999488831	-4.8347982395697
2.4340000152588	-4.8025390495705
2.4344000816345	-4.7705330026516
2.4347999095917	-4.7387777802861
2.4351999759674	-4.7072736514110
2.4356000423431	-4.6760192379650
2.4360001087189	-4.6450157218039
2.4363999366760	-4.6142585481108
2.4368000030518	-4.5837503985427
2.4372000694275	-4.5534893727043
2.4375998973846	-4.5234757067051
2.4379999637604	-4.4937056861459
2.4384000301361	-4.4641819983636
2.4388000965118	-4.4349032251554
2.4391999244690	-4.4058658982319
2.4395999908447	-4.3770708110188
2.4400000572205	-4.3485156766488
2.4403998851776	-4.3202021822887
2.4407999515533	-4.2921272996341
2.4412000179291	-4.2642895345398
2.4416000843048	-4.2366888974017
2.4419999122620	-4.2093241846750
2.4423999786377	-4.1821946694818
2.4428000450134	-4.1552986313521
2.4432001113892	-4.1286338297674
2.4435999393463	-4.1022015135185
2.4440000057220	-4.0759983307417
2.4444000720978	-4.0500245373722
2.4447999000549	-4.0242787251655
2.4451999664307	-3.9987590100947
2.4456000328064	-3.9734633862276
2.4460000991821	-3.9483930404416
2.4463999271393	-3.9235443649466
2.4467999935150	-3.8989181780515
2.4472000598907	-3.8745106279986
2.4475998878479	-3.8503209534632
2.4479999542236	-3.8263504611552
2.4484000205994	-3.8025942024811
2.4488000869751	-3.7790536696605
2.4491999149323	-3.7557254731052
2.4495999813080	-3.7326106619230
2.4500000476837	-3.7097051015921
2.4504001140594	-3.6870092647561
2.4507999420166	-3.6645209701581
2.4512000083923	-3.6422382837715
2.4516000747681	-3.6201612175010
2.4519999027252	-3.5982874103841
2.4523999691010	-3.5766154427938
2.4528000354767	-3.5551449189987
2.4532001018524	-3.5338728576728
2.4535999298096	-3.5127984436144
2.4539999961853	-3.4919196676249
2.4544000625610	-3.4712366421771
2.4547998905182	-3.4507473238155
2.4551999568939	-3.4304489916635
2.4556000232697	-3.4103411443811
2.4560000896454	-3.3904227195999
2.4563999176025	-3.3706921757315
2.4567999839783	-3.3511462285917
2.4572000503540	-3.3317849164112
2.4576001167297	-3.3126069085150
2.4579999446869	-3.2936097317163
2.4584000110626	-3.2747923084544
2.4588000774384	-3.2561539194501
2.4591999053955	-3.2376928660774
2.4595999717712	-3.2194063084040
2.4600000381470	-3.2012946247900
2.4604001045227	-3.1833542143726
2.4607999324799	-3.1655860066509
2.4611999988556	-3.1479857936800
2.4616000652313	-3.1305545709954
2.4619998931885	-3.1132882071139
2.4623999595642	-3.0961872401425
2.4628000259399	-3.0792500858932
2.4632000923157	-3.0624750200474
2.4635999202728	-3.0458595265648
2.4639999866486	-3.0294016413093
2.4644000530243	-3.0131036183632
2.4647998809814	-2.9969599626565
2.4651999473572	-2.9809697499987
2.4656000137329	-2.9651327179130
2.4660000801086	-2.9494463532675
2.4663999080658	-2.9339098533639
2.4667999744415	-2.9185229640511
2.4672000408173	-2.9032807703144
2.4676001071930	-2.8881850337149
2.4679999351501	-2.8732307851310
2.4684000015259	-2.8584204044230
2.4688000679016	-2.8437494366147
2.4691998958588	-2.8292176187114
2.4695999622345	-2.8148233346301
2.4700000286102	-2.8005661850036
2.4704000949860	-2.7864435951986
2.4707999229431	-2.7724514208793
2.4711999893188	-2.7585941311844
2.4716000556946	-2.7448654174835
2.4719998836517	-2.7312637815148
2.4723999500275	-2.7177915991953
2.4728000164032	-2.7044432834635
2.4732000827789	-2.6912192308868
2.4735999107361	-2.6781181921861
2.4739999771118	-2.6651400453589
2.4744000434875	-2.6522786532646
2.4748001098633	-2.6395375706098
2.4751999378204	-2.6269129566589
2.4756000041962	-2.6144035503755
2.4760000705719	-2.6020068402292
2.4763998985291	-2.5897243486368
2.4767999649048	-2.5775518018078
2.4772000312805	-2.5654890821319
2.4776000976562	-2.5535355964631
2.4779999256134	-2.5416876127630
2.4783999919891	-2.5299448770038
2.4788000583649	-2.5183075556411
2.4791998863220	-2.5067710231232
2.4795999526978	-2.4953371953539
2.4800000190735	-2.4840022517414
2.4804000854492	-2.4727665931305
2.4807999134064	-2.4616268020511
2.4811999797821	-2.4505845030036
2.4816000461578	-2.4396343510991
2.4820001125336	-2.4287785995942
2.4823999404907	-2.4180149893802
2.4828000068665	-2.4073403998903
2.4832000732422	-2.3967559127527
2.4835999011993	-2.3862593674790
2.4839999675751	-2.3758486014183
2.4844000339508	-2.3655237741563
2.4848001003265	-2.3552818098516
2.4851999282837	-2.3451232404044
2.4855999946594	-2.3350452428401
2.4860000610352	-2.3250479779701
2.4863998889923	-2.3151303091459
2.4867999553680	-2.3052896213896
2.4872000217438	-2.2955240429761
2.4876000881195	-2.2858356578337
2.4879999160767	-2.2762205594141
2.4883999824524	-2.2666782218466
2.4888000488281	-2.2572075664991
2.4892001152039	-2.2478080740416
2.4895999431610	-2.2384781146841
2.4900000095367	-2.2292147944619
2.4904000759125	-2.2200201806047
2.4907999038696	-2.2108910310136
2.4911999702454	-2.2018261168610
2.4916000366211	-2.1928256868510
2.4920001029968	-2.1838881525195
2.4923999309540	-2.1750123121975
2.4927999973297	-2.1661980638750
2.4932000637054	-2.1574413074326
2.4935998916626	-2.1487446505814
2.4939999580383	-2.1401054440539
2.4944000244141	-2.1315221678301
2.4948000907898	-2.1229950922692
2.4951999187469	-2.1145235614079
2.4955999851227	-2.1061046130406
2.4960000514984	-2.0977399789469
2.4964001178741	-2.0894254112541
2.4967999458313	-2.0811622582287
2.4972000122070	-2.0729492337401
2.4976000785828	-2.0647855062247
2.4979999065399	-2.0566699024687
2.4983999729156	-2.0486032752529
2.4988000392914	-2.0405825302086
2.4992001056671	-2.0326071769975
2.4995999336243	-2.0246775458897
2.5000000000000	-2.0167924737238
2.5004000663757	-2.0089497501175
2.5007998943329	-2.0011520035674
2.5011999607086	-1.9933950078115
2.5016000270844	-1.9856796886357
2.5020000934601	-1.9780048307813
2.5023999214172	-1.9703703849596
2.5027999877930	-1.9627753927335
2.5032000541687	-1.9552190935369
2.5035998821259	-1.9477017618678
2.5039999485016	-1.9402209456410
2.5044000148773	-1.9327770642880
2.5048000812531	-1.9253694862605
2.5051999092102	-1.9179994282909
2.5055999755859	-1.9106643566077
2.5060000419617	-1.9033619480250
2.5064001083374	-1.8960950687134
2.5067999362946	-1.8888618939775
2.5072000026703	-1.8816619506943
2.5076000690460	-1.8744946001323
2.5079998970032	-1.8673597058468
2.5083999633789	-1.8602581166518
2.5088000297546	-1.8531861653871
2.5092000961304	-1.8461469303202
2.5095999240875	-1.8391385464795
2.5099999904633	-1.8321607710826
2.5104000568390	-1.8252124484296
2.5107998847961	-1.8182942268936
2.5111999511719	-1.8114049560002
2.5116000175476	-1.8045456752179
2.5120000839233	-1.7977159252291
2.5123999118805	-1.7909145639939
2.5127999782562	-1.7841420014200
2.5132000446320	-1.7773969099193
2.5136001110077	-1.7706807998003
2.5139999389648	-1.7639931149621
2.5144000053406	-1.7573316054490
2.5148000717163	-1.7507002652682
2.5151998996735	-1.7440946528524
2.5155999660492	-1.7375168869788
2.5160000324249	-1.7309664950601
2.5164000988007	-1.7244425982300
2.5167999267578	-1.7179477911101
2.5171999931335	-1.7114791774468
2.5176000595093	-1.7050369973408
2.5179998874664	-1.6986229453266
2.5183999538422	-1.6922350917251
2.5188000202179	-1.6858751328774
2.5192000865936	-1.6795422456228
2.5195999145508	-1.6732370908123
2.5199999809265	-1.6669580248175
2.5204000473022	-1.6607057104001
2.5208001136780	-1.6544819639822
2.5211999416351	-1.6482852085189
2.5216000080109	-1.6421156154493
2.5220000743866	-1.6359747910347
2.5223999023438	-1.6298613486479
2.5227999687195	-1.6237755457447
2.5232000350952	-1.6177169394558
2.5236001014709	-1.6116889540175
2.5239999294281	-1.6056871484058
2.5243999958038	-1.5997153528502
2.5248000621796	-1.5937712443607
2.5251998901367	-1.5878570492296
2.5255999565125	-1.5819717313417
2.5260000228882	-1.5761156496403
2.5264000892639	-1.5702908166979
2.5267999172211	-1.5644954695303
2.5271999835968	-1.5587289497977
2.5276000499725	-1.5529943285121
2.5280001163483	-1.5472902449743
2.5283999443054	-1.5416163775913
2.5288000106812	-1.5359746131407
2.5292000770569	-1.5303647129914
2.5295999050140	-1.5247861109168
2.5299999713898	-1.5192409302763
2.5304000377655	-1.5137267889563
2.5308001041412	-1.5082471969863
2.5311999320984	-1.5028002243460
2.5315999984741	-1.4973869517906
2.5320000648499	-1.4920074821797
2.5323998928070	-1.4866623550436
2.5327999591827	-1.4813516001792
2.5332000255585	-1.4760758575236
2.5336000919342	-1.4708355358850
2.5339999198914	-1.4656317290991
2.5343999862671	-1.4604630580750
2.5348000526428	-1.4553324457687
2.5352001190186	-1.4502366926009
2.5355999469757	-1.4451796257015
2.5360000133514	-1.4401602055407
2.5364000797272	-1.4351774726259
2.5367999076843	-1.4302334635682
2.5371999740601	-1.4253284876567
2.5376000404358	-1.4204624427822
2.5380001068115	-1.4156356259874
2.5383999347687	-1.4108496376297
2.5388000011444	-1.4061022183537
2.5392000675201	-1.4013971263286
2.5395998954773	-1.3967320892903
2.5399999618530	-1.3921091532570
2.5404000282288	-1.3875273493487
2.5408000946045	-1.3829869933772
2.5411999225616	-1.3784888445892
2.5415999889374	-1.3740340851588
2.5420000553131	-1.3696230400458
2.5423998832703	-1.3652547552172
2.5427999496460	-1.3609304188587
2.5432000160217	-1.3566503583238
2.5436000823975	-1.3524136511059
2.5439999103546	-1.3482214719351
2.5443999767303	-1.3440767398412
2.5448000431061	-1.3399759271941
2.5452001094818	-1.3359198650108
2.5455999374390	-1.3319105708062
2.5460000038147	-1.3279471325858
2.5464000701904	-1.3240303246453
2.5467998981476	-1.3201605513811
2.5471999645233	-1.3163377281349
2.5476000308990	-1.3125617844213
2.5480000972748	-1.3088331458886
2.5483999252319	-1.3051529557145
2.5487999916077	-1.3015191626972
2.5492000579834	-1.2979337863398
2.5495998859406	-1.2943976436012
2.5499999523163	-1.2909098567675
2.5504000186920	-1.2874700201161
2.5508000850677	-1.2840789417962
2.5511999130249	-1.2807370493622
2.5515999794006	-1.2774430507423
2.5520000457764	-1.2741998947418
2.5524001121521	-1.2710046663875
2.5527999401093	-1.2678585964828
2.5532000064850	-1.2647618034485
2.5536000728607	-1.2617141656054
2.5539999008179	-1.2587166601558
2.5543999671936	-1.2557687580818
2.5548000335693	-1.2528695212518
2.5552000999451	-1.2500198766435
2.5555999279022	-1.2472191223809
2.5559999942780	-1.2444688491503
2.5564000606537	-1.2417664769113
2.5567998886108	-1.2391141569433
2.5571999549866	-1.2365106683103
2.5576000213623	-1.2339547943147
2.5580000877380	-1.2314494833998
2.5583999156952	-1.2289920033547
2.5587999820709	-1.2265817395052
2.5592000484467	-1.2242220587382
2.5596001148224	-1.2219096955366
2.5599999427795	-1.2196437481588
2.5604000091553	-1.2174261774095
2.5608000755310	-1.2152556442567
2.5611999034882	-1.2131326471853
2.5615999698639	-1.2110547246391
2.5620000362396	-1.2090245340946
2.5624001026154	-1.2070397256195
2.5627999305725	-1.2051001286091
2.5631999969482	-1.2032062041519
2.5636000633240	-1.2013570176206
2.5639998912811	-1.1995519511886
2.5643999576569	-1.1977907772781
2.5648000240326	-1.1960721234210
2.5652000904083	-1.1943965889680
2.5655999183655	-1.1927635845273
2.5659999847412	-1.1911721865467
2.5664000511169	-1.1896222243565
2.5668001174927	-1.1881121370550
2.5671999454498	-1.1866428737055
2.5676000118256	-1.1852119094086
2.5680000782013	-1.1838204313528
2.5683999061584	-1.1824659885172
2.5687999725342	-1.1811505682767
2.5692000389099	-1.1798696616217
2.5696001052856	-1.1786258638802
2.5699999332428	-1.1774158199297
2.5703999996185	-1.1762411376264
2.5708000659943	-1.1750994666134
2.5711998939514	-1.1739894657351
2.5715999603271	-1.1729117547842
2.5720000267029	-1.1718658543021
2.5724000930786	-1.1708484706613
2.5727999210358	-1.1698605307303
2.5731999874115	-1.1689019157958
2.5736000537872	-1.1679684441817
2.5739998817444	-1.1670622287492
2.5743999481201	-1.1661809523334
2.5748000144958	-1.1653228443937
2.5752000808716	-1.1644890060724
2.5755999088287	-1.1636763839459
2.5759999752045	-1.1628852553306
2.5764000415802	-1.1621145037816
2.5768001079559	-1.1613618153458
2.5771999359131	-1.1606262763216
2.5776000022888	-1.1599066152543
2.5780000686646	-1.1592039022709
2.5783998966217	-1.1585147366267
2.5787999629974	-1.1578386830172
2.5792000293732	-1.1571739490899
2.5796000957489	-1.1565202081061
2.5799999237061	-1.1558754106788
2.5803999900818	-1.1552393801212
2.5808000564575	-1.1546082661161
2.5811998844147	-1.1539844078105
2.5815999507904	-1.1533631028814
2.5820000171661	-1.1527464606220
2.5824000835419	-1.1521300301336
2.5827999114990	-1.1515138814802
2.5831999778748	-1.1508987915524
2.5836000442505	-1.1502786650949
2.5840001106262	-1.1496546340884
2.5843999385834	-1.1490274651934
2.5848000049591	-1.1483918984528
2.5852000713348	-1.1477502336196
2.5855998992920	-1.1470978025283
2.5859999656677	-1.1464350102879
2.5864000320435	-1.1457609544697
2.5868000984192	-1.1450726404555
2.5871999263763	-1.1443700730527
2.5875999927521	-1.1436517840344
2.5880000591278	-1.1429155588546
2.5883998870850	-1.1421601615785
2.5887999534607	-1.1413858135107
2.5892000198364	-1.1405882305034
2.5896000862122	-1.1397684870180
2.5899999141693	-1.1389240883953
2.5903999805450	-1.1380540561802
2.5908000469208	-1.1371560222707
2.5912001132965	-1.1362313827826
2.5915999412537	-1.1352753347358
2.5920000076294	-1.1342896671353
2.5924000740051	-1.1332709572668
2.5927999019623	-1.1322179761182
2.5931999683380	-1.1311303043996
2.5936000347137	-1.1300076640162
2.5940001010895	-1.1288462752808
2.5943999290466	-1.1276466704368
2.5947999954224	-1.1264066445087
2.5952000617981	-1.1251263000737
2.5955998897552	-1.1238038499671
2.5959999561310	-1.1224384218697
2.5964000225067	-1.1210286245544
2.5968000888824	-1.1195718211385
2.5971999168396	-1.1180691848684
2.5975999832153	-1.1165178265590
2.5980000495911	-1.1149189566453
2.5984001159668	-1.1132705468535
2.5987999439240	-1.1115710958762
2.5992000102997	-1.1098193537892
2.5996000766754	-1.1080167242603
2.5999999046326	-1.1061587847537
