#Parameters = {Lp=28.9; Ls=53.9; Wavelength=2; WavelengthsNumber=2; Wf=2; Wp=40.8; Ws=60; connectorLine=2.6; feedline=10; h=1.61; tc=0.035; unionLine=60; y0=5}
#"Frequency / GHz"	"S1,1 [Magnitude / dB]"
#-----------------------------------------
2.2000000476837	-2.5333389078820
2.2004001140594	-2.5434368633611
2.2007999420166	-2.5534810316909
2.2012000083923	-2.5634724728441
2.2016000747681	-2.5734142032607
2.2019999027252	-2.5833058814596
2.2023999691010	-2.5931492694640
2.2028000354767	-2.6029450829875
2.2032001018524	-2.6126964520295
2.2035999298096	-2.6224023008039
2.2039999961853	-2.6320655914296
2.2044000625610	-2.6416873498946
2.2047998905182	-2.6512690926218
2.2051999568939	-2.6608130252397
2.2056000232697	-2.6703196706180
2.2060000896454	-2.6797918440461
2.2063999176025	-2.6892318091622
2.2067999839783	-2.6986379035138
2.2072000503540	-2.7080148314997
2.2076001167297	-2.7173637423608
2.2079999446869	-2.7266861830257
2.2084000110626	-2.7359838745366
2.2088000774384	-2.7452595155186
2.2091999053955	-2.7545122427661
2.2095999717712	-2.7637477340176
2.2100000381470	-2.7729657830868
2.2104001045227	-2.7821694633701
2.2107999324799	-2.7913589370576
2.2111999988556	-2.8005382181977
2.2116000652313	-2.8097075626612
2.2119998931885	-2.8188699508752
2.2123999595642	-2.8280281525759
2.2128000259399	-2.8371826087347
2.2132000923157	-2.8463361013228
2.2135999202728	-2.8554914166696
2.2139999866486	-2.8646490076003
2.2144000530243	-2.8738127114182
2.2147998809814	-2.8829842694808
2.2151999473572	-2.8921658890695
2.2156000137329	-2.9013578563691
2.2160000801086	-2.9105648256483
2.2163999080658	-2.9197880446965
2.2167999744415	-2.9290287859829
2.2172000408173	-2.9382921802618
2.2176001071930	-2.9475770823759
2.2179999351501	-2.9568866684457
2.2184000015259	-2.9662230066970
2.2188000679016	-2.9755897597422
2.2191998958588	-2.9849872572526
2.2195999622345	-2.9944195074446
2.2200000286102	-3.0038882336963
2.2204000949860	-3.0133950650722
2.2207999229431	-3.0229412889062
2.2211999893188	-3.0325316446690
2.2216000556946	-3.0421672135989
2.2219998836517	-3.0518474781091
2.2223999500275	-3.0615798047582
2.2228000164032	-3.0713621787912
2.2232000827789	-3.0811986969284
2.2235999107361	-3.0910912685890
2.2239999771118	-3.1010425452389
2.2244000434875	-3.1110538300971
2.2248001098633	-3.1211276465921
2.2251999378204	-3.1312674580794
2.2256000041962	-3.1414723576145
2.2260000705719	-3.1517479421764
2.2263998985291	-3.1620940027988
2.2267999649048	-3.1725132759126
2.2272000312805	-3.1830093590919
2.2276000976562	-3.1935820073800
2.2279999256134	-3.2042355524953
2.2283999919891	-3.2149705447473
2.2288000583649	-3.2257902538457
2.2291998863220	-3.2366949640478
2.2295999526978	-3.2476893557525
2.2300000190735	-3.2587738106164
2.2304000854492	-3.2699508874758
2.2307999134064	-3.2812220176300
2.2311999797821	-3.2925902043833
2.2316000461578	-3.3040569116955
2.2320001125336	-3.3156242269488
2.2323999404907	-3.3272949692839
2.2328000068665	-3.3390702633346
2.2332000732422	-3.3509529525287
2.2335999011993	-3.3629417601012
2.2339999675751	-3.3750437935645
2.2344000339508	-3.3872576604145
2.2348001003265	-3.3995878801810
2.2351999282837	-3.4120326970044
2.2355999946594	-3.4245968640884
2.2360000610352	-3.4372812904430
2.2363998889923	-3.4500888189168
2.2367999553680	-3.4630204525968
2.2372000217438	-3.4760772853952
2.2376000881195	-3.4892629475510
2.2379999160767	-3.5025783786204
2.2383999824524	-3.5160266221732
2.2388000488281	-3.5296066982915
2.2392001152039	-3.5433240943767
2.2395999431610	-3.5571782820713
2.2400000095367	-3.5711718866577
2.2404000759125	-3.5853042442172
2.2407999038696	-3.5995815598700
2.2411999702454	-3.6140042678270
2.2416000366211	-3.6285705011338
2.2420001029968	-3.6432863953153
2.2423999309540	-3.6581525599162
2.2427999973297	-3.6731701238800
2.2432000637054	-3.6883408983663
2.2435998916626	-3.7036667332899
2.2439999580383	-3.7191492687881
2.2444000244141	-3.7347896726653
2.2448000907898	-3.7505913099972
2.2451999187469	-3.7665543986919
2.2455999851227	-3.7826804222738
2.2460000514984	-3.7989726964391
2.2464001178741	-3.8154312537332
2.2467999458313	-3.8320579840785
2.2472000122070	-3.8488560406257
2.2476000785828	-3.8658255044207
2.2479999065399	-3.8829688353081
2.2483999729156	-3.9002877432936
2.2488000392914	-3.9177831721393
2.2492001056671	-3.9354564371749
2.2495999336243	-3.9533104044266
2.2500000000000	-3.9713453564728
2.2504000663757	-3.9895651747670
2.2507998943329	-4.0079677531177
2.2511999607086	-4.0265585324455
2.2516000270844	-4.0453378362968
2.2520000934601	-4.0643063115670
2.2523999214172	-4.0834658003403
2.2527999877930	-4.1028184028637
2.2532000541687	-4.1223664316786
2.2535998821259	-4.1421091741282
2.2539999485016	-4.1620514166915
2.2544000148773	-4.1821927655010
2.2548000812531	-4.2025346209863
2.2551999092102	-4.2230802671728
2.2555999755859	-4.2438264171394
2.2560000419617	-4.2647816940567
2.2564001083374	-4.2859443063954
2.2567999362946	-4.3073148368743
2.2572000026703	-4.3288968114961
2.2576000690460	-4.3506903432030
2.2579998970032	-4.3726980754882
2.2583999633789	-4.3949200864942
2.2588000297546	-4.4173603021910
2.2592000961304	-4.4400193716505
2.2595999240875	-4.4628980862634
2.2599999904633	-4.4859995103100
2.2604000568390	-4.5093240098152
2.2607998847961	-4.5328746791874
2.2611999511719	-4.5566510091087
2.2616000175476	-4.5806554100869
2.2620000839233	-4.6048905061770
2.2623999118805	-4.6293601721394
2.2627999782562	-4.6540601807457
2.2632000446320	-4.6789959669858
2.2636001110077	-4.7041704216513
2.2639999389648	-4.7295822077035
2.2644000053406	-4.7552342311520
2.2648000717163	-4.7811294501266
2.2651998996735	-4.8072691640176
2.2655999660492	-4.8336525445604
2.2660000324249	-4.8602848555212
2.2664000988007	-4.8871660040101
2.2667999267578	-4.9142985582476
2.2671999931335	-4.9416839048356
2.2676000595093	-4.9693241992639
2.2679998874664	-4.9972211288253
2.2683999538422	-5.0253761168858
2.2688000202179	-5.0537927423551
2.2692000865936	-5.0824703219478
2.2695999145508	-5.1114124277514
2.2699999809265	-5.1406205668121
2.2704000473022	-5.1700974107747
2.2708001136780	-5.1998438793375
2.2711999416351	-5.2298627649456
2.2716000080109	-5.2601554192400
2.2720000743866	-5.2907235178266
2.2723999023438	-5.3215715118800
2.2727999687195	-5.3526983604410
2.2732000350952	-5.3841086268512
2.2736001014709	-5.4158049521567
2.2739999294281	-5.4477849846397
2.2743999958038	-5.4800557482880
2.2748000621796	-5.5126170294367
2.2751998901367	-5.5454725246086
2.2755999565125	-5.5786229025185
2.2760000228882	-5.6120720922970
2.2764000892639	-5.6458204364061
2.2767999172211	-5.6798734815671
2.2771999835968	-5.7142304955703
2.2776000499725	-5.7488955662638
2.2780001163483	-5.7838704119253
2.2783999443054	-5.8191578662299
2.2788000106812	-5.8547606284212
2.2792000770569	-5.8906810086979
2.2795999050140	-5.9269220901323
2.2799999713898	-5.9634849465264
2.2804000377655	-6.0003749647656
2.2808001041412	-6.0375927985666
2.2811999320984	-6.0751415581412
2.2815999984741	-6.1130247964086
2.2820000648499	-6.1512452486415
2.2823998928070	-6.1898045488561
2.2827999591827	-6.2287084304253
2.2832000255585	-6.2679567384293
2.2836000919342	-6.3075534170224
2.2839999198914	-6.3475036553075
2.2843999862671	-6.3878072958371
2.2848000526428	-6.4284706815354
2.2852001190186	-6.4694957219578
2.2855999469757	-6.5108836239473
2.2860000133514	-6.5526425168405
2.2864000797272	-6.5947702614631
2.2867999076843	-6.6372758154107
2.2871999740601	-6.6801586140969
2.2876000404358	-6.7234247461078
2.2880001068115	-6.7670759162632
2.2883999347687	-6.8111176626117
2.2888000011444	-6.8555522198522
2.2892000675201	-6.9003854641597
2.2895998954773	-6.9456189283850
2.2899999618530	-6.9912595423232
2.2904000282288	-7.0373083176544
2.2908000946045	-7.0837710400825
2.2911999225616	-7.1306517695866
2.2915999889374	-7.1779549802629
2.2920000553131	-7.2256855344844
2.2923998832703	-7.2738472896551
2.2927999496460	-7.3224440646833
2.2932000160217	-7.3714829308469
2.2936000823975	-7.4209659548464
2.2939999103546	-7.4708984741685
2.2943999767303	-7.5212873615257
2.2948000431061	-7.5721360453069
2.2952001094818	-7.6234502284365
2.2955999374390	-7.6752349991948
2.2960000038147	-7.7274959457282
2.2964000701904	-7.7802398479273
2.2967998981476	-7.8334676316438
2.2971999645233	-7.8871898130160
2.2976000308990	-7.9414113193736
2.2980000972748	-7.9961366941115
2.2983999252319	-8.0513744072503
2.2987999916077	-8.1071274902137
2.2992000579834	-8.1634046043528
2.2995998859406	-8.2202115246833
2.2999999523163	-8.2775545105506
2.3004000186920	-8.3354410208214
2.3008000850677	-8.3938772685826
2.3011999130249	-8.4528715113805
2.3015999794006	-8.5124289159148
2.3020000457764	-8.5725586379693
2.3024001121521	-8.6332691250249
2.3027999401093	-8.6945660733392
2.3032000064850	-8.7564583246785
2.3036000728607	-8.8189529548934
2.3039999008179	-8.8820592596708
2.3043999671936	-8.9457860317255
2.3048000335693	-9.0101425873247
2.3052000999451	-9.0751358272932
2.3055999279022	-9.1407755019866
2.3059999942780	-9.2070724724082
2.3064000606537	-9.2740343688619
2.3067998886108	-9.3416720143076
2.3071999549866	-9.4099965191781
2.3076000213623	-9.4790155190927
2.3080000877380	-9.5487406508009
2.3083999156952	-9.6191839892749
2.3087999820709	-9.6903553626299
2.3092000484467	-9.7622670226942
2.3096001148224	-9.8349309949993
2.3099999427795	-9.9083567341749
2.3104000091553	-9.9825600708755
2.3108000755310	-10.057551331913
2.3111999034882	-10.133343578124
2.3115999698639	-10.209950904029
2.3120000362396	-10.287387247769
2.3124001026154	-10.365667898513
2.3127999305725	-10.444804705429
2.3131999969482	-10.524812751762
2.3136000633240	-10.605709732420
2.3139998912811	-10.687508565602
2.3143999576569	-10.770227642651
2.3148000240326	-10.853882302750
2.3152000904083	-10.938491495276
2.3155999183655	-11.024070168446
2.3159999847412	-11.110639085295
2.3164000511169	-11.198217125602
2.3168001174927	-11.286820065145
2.3171999454498	-11.376471943780
2.3176000118256	-11.467190494098
2.3180000782013	-11.558998154985
2.3183999061584	-11.651917780205
2.3187999725342	-11.745969776356
2.3192000389099	-11.841177917419
2.3196001052856	-11.937568320943
2.3199999332428	-12.035161526337
2.3203999996185	-12.133986953288
2.3208000659943	-12.234071081459
2.3211998939514	-12.335439375207
2.3215999603271	-12.438120549336
2.3220000267029	-12.542145000981
2.3224000930786	-12.647542890468
2.3227999210358	-12.754343975433
2.3231999874115	-12.862580352688
2.3236000537872	-12.972288390283
2.3239998817444	-13.083503263174
2.3243999481201	-13.196258504094
2.3248000144958	-13.310591373910
2.3252000808716	-13.426542905877
2.3255999088287	-13.544153279239
2.3259999752045	-13.663462797460
2.3264000415802	-13.784515001571
2.3268001079559	-13.907356516594
2.3271999359131	-14.032033615496
2.3276000022888	-14.158595985325
2.3280000686646	-14.287092067472
2.3283998966217	-14.417577251571
2.3287999629974	-14.550105336421
2.3292000293732	-14.684734791829
2.3296000957489	-14.821522133265
2.3299999237061	-14.960534144414
2.3303999900818	-15.101832270186
2.3308000564575	-15.245484880299
2.3311998844147	-15.391564613831
2.3315999507904	-15.540142894860
2.3320000171661	-15.691297292513
2.3324000835419	-15.845108877543
2.3327999114990	-16.001661743857
2.3331999778748	-16.161043599229
2.3336000442505	-16.323344513658
2.3340001106262	-16.488664896885
2.3343999385834	-16.657101933139
2.3348000049591	-16.828761571010
2.3352000713348	-17.003755285911
2.3355998992920	-17.182198026263
2.3359999656677	-17.364210292666
2.3364000320435	-17.549919495716
2.3368000984192	-17.739459892500
2.3371999263763	-17.932966208259
2.3375999927521	-18.130587959592
2.3380000591278	-18.332476402258
2.3383998870850	-18.538790091604
2.3387999534607	-18.749695583399
2.3392000198364	-18.965366878795
2.3396000862122	-19.185984282493
2.3399999141693	-19.411738922084
2.3403999805450	-19.642822321835
2.3408000469208	-19.879440265020
2.3412001132965	-20.121800274584
2.3415999412537	-20.370118073279
2.3420000076294	-20.624610373655
2.3424000740051	-20.885499307492
2.3427999019623	-21.153010198824
2.3431999683380	-21.427358303668
2.3436000347137	-21.708762975925
2.3440001010895	-21.997419661054
2.3443999290466	-22.293512423878
2.3447999954224	-22.597197096179
2.3452000617981	-22.908586927041
2.3455998897552	-23.227743976395
2.3459999561310	-23.554648666817
2.3464000225067	-23.889186324367
2.3468000888824	-24.231110532883
2.3471999168396	-24.580004031247
2.3475999832153	-24.935218453636
2.3480000495911	-25.295838705128
2.3484001159668	-25.660577200254
2.3487999439240	-26.027708061140
2.3492000102997	-26.394958550574
2.3496000766754	-26.759412821566
2.3499999046326	-27.117379483485
2.3503999710083	-27.464349985881
2.3508000373840	-27.794884255460
2.3512001037598	-28.102701273740
2.3515999317169	-28.380797060119
2.3519999980927	-28.621716510855
2.3524000644684	-28.818059258448
2.3527998924255	-28.963046405674
2.3531999588013	-29.051228955356
2.3536000251770	-29.079127414857
2.3540000915527	-29.045705356128
2.3543999195099	-28.952444028548
2.3547999858856	-28.803229058592
2.3552000522614	-28.603773567025
2.3556001186371	-28.361016718999
2.3559999465942	-28.082427825907
2.3564000129700	-27.775398889547
2.3568000793457	-27.446821246554
2.3571999073029	-27.102840717415
2.3575999736786	-26.748718297422
2.3580000400543	-26.388827837222
2.3584001064301	-26.026709927716
2.3587999343872	-25.665159589169
2.3592000007629	-25.306347488129
2.3596000671387	-24.951912116686
2.3599998950958	-24.603065402167
2.3603999614716	-24.260681251829
2.3608000278473	-23.925351889820
2.3612000942230	-23.597468451755
2.3615999221802	-23.277249900034
2.3619999885559	-22.964790475154
2.3624000549316	-22.660092573551
2.3627998828888	-22.363086222455
2.3631999492645	-22.073647737075
2.3636000156403	-21.791617389348
2.3640000820160	-21.516808663863
2.3643999099731	-21.249018789805
2.3647999763489	-20.988035823885
2.3652000427246	-20.733633814157
2.3656001091003	-20.485592396961
2.3659999370575	-20.243690375421
2.3664000034332	-20.007713559726
2.3668000698090	-19.777439847905
2.3671998977661	-19.552670145642
2.3675999641418	-19.333197795111
2.3680000305176	-19.118829367389
2.3684000968933	-18.909378838974
2.3687999248505	-18.704667061770
2.3691999912262	-18.504520676863
2.3696000576019	-18.308773025483
2.3699998855591	-18.117270073534
2.3703999519348	-17.929856397025
2.3708000183105	-17.746391068651
2.3712000846863	-17.566736484395
2.3715999126434	-17.390757981845
2.3719999790192	-17.218333340637
2.3724000453949	-17.049337258800
2.3728001117706	-16.883663747556
2.3731999397278	-16.721194713319
2.3736000061035	-16.561828429530
2.3740000724792	-16.405469840892
2.3743999004364	-16.252015811400
2.3747999668121	-16.101379920793
2.3752000331879	-15.953475240688
2.3756000995636	-15.808216129196
2.3759999275208	-15.665523722802
2.3763999938965	-15.525322514606
2.3768000602722	-15.387538631929
2.3771998882294	-15.252099218249
2.3775999546051	-15.118940739463
2.3780000209808	-14.987998146387
2.3784000873566	-14.859208861835
2.3787999153137	-14.732514554161
2.3791999816895	-14.607856865904
2.3796000480652	-14.485181287772
2.3800001144409	-14.364437664559
2.3803999423981	-14.245573470604
2.3808000087738	-14.128538167916
2.3812000751495	-14.013288092019
2.3815999031067	-13.899780554955
2.3819999694824	-13.787967201704
2.3824000358582	-13.677809904305
2.3828001022339	-13.569265639868
2.3831999301910	-13.462298687283
2.3835999965668	-13.356868842486
2.3840000629425	-13.252943139783
2.3843998908997	-13.150485623230
2.3847999572754	-13.049462364489
2.3852000236511	-12.949840343664
2.3856000900269	-12.851589487588
2.3859999179840	-12.754678596464
2.3863999843597	-12.659081422584
2.3868000507355	-12.564767206985
2.3872001171112	-12.471706765830
2.3875999450684	-12.379878183382
2.3880000114441	-12.289253331075
2.3884000778198	-12.199806595093
2.3887999057770	-12.111515133630
2.3891999721527	-12.024357115573
2.3896000385284	-11.938304494919
2.3900001049042	-11.853343968495
2.3903999328613	-11.769447288773
2.3907999992371	-11.686597388369
2.3912000656128	-11.604773712552
2.3915998935699	-11.523954966263
2.3919999599457	-11.444125409487
2.3924000263214	-11.365266712979
2.3928000926971	-11.287356396440
2.3931999206543	-11.210382372211
2.3935999870300	-11.134324880962
2.3940000534058	-11.059168683717
2.3943998813629	-10.984900712574
2.3947999477386	-10.911500993725
2.3952000141144	-10.838956368870
2.3956000804901	-10.767252015941
2.3959999084473	-10.696374803848
2.3963999748230	-10.626309900439
2.3968000411987	-10.557041964372
2.3972001075745	-10.488563641862
2.3975999355316	-10.420857360603
2.3980000019073	-10.353909608309
2.3984000682831	-10.287711634839
2.3987998962402	-10.222250263021
2.3991999626160	-10.157512788301
2.3996000289917	-10.093490112896
2.4000000953674	-10.030169806810
2.4003999233246	-9.9675400218498
2.4007999897003	-9.9055922892322
2.4012000560760	-9.8443170595015
2.4015998840332	-9.7837025930235
2.4019999504089	-9.7237378327112
2.4024000167847	-9.6644168795728
2.4028000831604	-9.6057251104384
2.4031999111176	-9.5476589523906
2.4035999774933	-9.4902055870316
2.4040000438690	-9.4333599081385
2.4044001102448	-9.3771103370479
2.4047999382019	-9.3214471740900
2.4052000045776	-9.2663667579069
2.4056000709534	-9.2118592336429
2.4059998989105	-9.1579144699719
2.4063999652863	-9.1045269810714
2.4068000316620	-9.0516894932419
2.4072000980377	-8.9993938392590
2.4075999259949	-8.9476330325557
2.4079999923706	-8.8964003402000
2.4084000587463	-8.8456869197489
2.4087998867035	-8.7954890534843
2.4091999530792	-8.7457976577294
2.4096000194550	-8.6966063424354
2.4100000858307	-8.6479094210522
2.4103999137878	-8.5997019425336
2.4107999801636	-8.5519779816660
2.4112000465393	-8.5047272255301
2.4116001129150	-8.4579475655700
2.4119999408722	-8.4116293638241
2.4124000072479	-8.3657719007351
2.4128000736237	-8.3203684065795
2.4131999015808	-8.2754101678254
2.4135999679565	-8.2308947381139
2.4140000343323	-8.1868144090782
2.4144001007080	-8.1431674615677
2.4147999286652	-8.0999460622218
2.4151999950409	-8.0571444955304
2.4156000614166	-8.0147614166576
2.4159998893738	-7.9727872787060
2.4163999557495	-7.9312209440273
2.4168000221252	-7.8900562377622
2.4172000885010	-7.8492877528818
2.4175999164581	-7.8089133082289
2.4179999828339	-7.7689263876050
2.4184000492096	-7.7293235449549
2.4188001155853	-7.6901002968980
2.4191999435425	-7.6512517194792
2.4196000099182	-7.6127721621475
2.4200000762939	-7.5746618918387
2.4203999042511	-7.5369123939645
2.4207999706268	-7.4995231326544
2.4212000370026	-7.4624876891147
2.4216001033783	-7.4258016591744
2.4219999313354	-7.3894648790299
2.4223999977112	-7.3534701084939
2.4228000640869	-7.3178129632912
2.4231998920441	-7.2824948299290
2.4235999584198	-7.2475072437425
2.4240000247955	-7.2128475430344
2.4244000911713	-7.1785133999179
2.4247999191284	-7.1444984663559
2.4251999855042	-7.1108051120300
2.4256000518799	-7.0774246734362
2.4260001182556	-7.0443553478355
2.4263999462128	-7.0115952736971
2.4268000125885	-6.9791386053907
2.4272000789642	-6.9469846006048
2.4275999069214	-6.9151301104104
2.4279999732971	-6.8835682711961
2.4284000396729	-6.8523001362484
2.4288001060486	-6.8213193468879
2.4291999340057	-6.7906273431843
2.4296000003815	-6.7602173226769
2.4300000667572	-6.7300876814601
2.4303998947144	-6.7002366435488
2.4307999610901	-6.6706584273483
2.4312000274658	-6.6413517004820
2.4316000938416	-6.6123157870306
2.4319999217987	-6.5835423152907
2.4323999881744	-6.5550366882130
2.4328000545502	-6.5267884053050
2.4331998825073	-6.4987987190664
2.4335999488831	-6.4710670185311
2.4340000152588	-6.4435856296685
2.4344000816345	-6.4163568685751
2.4347999095917	-6.3893728422678
2.4351999759674	-6.3626363694801
2.4356000423431	-6.3361399414540
2.4360001087189	-6.3098865611201
2.4363999366760	-6.2838705044756
2.4368000030518	-6.2580874867564
2.4372000694275	-6.2325403379373
2.4375998973846	-6.2072214622685
2.4379999637604	-6.1821330459019
2.4384000301361	-6.1572694621472
2.4388000965118	-6.1326300284304
2.4391999244690	-6.1082129824679
2.4395999908447	-6.0840132384012
2.4400000572205	-6.0600317873810
2.4403998851776	-6.0362643859284
2.4407999515533	-6.0127101910572
2.4412000179291	-5.9893663088779
2.4416000843048	-5.9662296542171
2.4419999122620	-5.9433012070562
2.4423999786377	-5.9205759711569
2.4428000450134	-5.8980533717262
2.4432001113892	-5.8757292414882
2.4435999393463	-5.8536043603974
2.4440000057220	-5.8316759055321
2.4444000720978	-5.8099432085748
2.4447999000549	-5.7884000923308
2.4451999664307	-5.7670461310192
2.4456000328064	-5.7458834091007
2.4460000991821	-5.7249048416186
2.4463999271393	-5.7041114065458
2.4467999935150	-5.6834984489675
2.4472000598907	-5.6630692570932
2.4475998878479	-5.6428177168437
2.4479999542236	-5.6227412220099
2.4484000205994	-5.6028427559569
2.4488000869751	-5.5831163853290
2.4491999149323	-5.5635617820755
2.4495999813080	-5.5441760480178
2.4500000476837	-5.5249576060254
2.4504001140594	-5.5059074915528
2.4507999420166	-5.4870212357602
2.4512000083923	-5.4682989964478
2.4516000747681	-5.4497367134183
2.4519999027252	-5.4313323842423
2.4523999691010	-5.4130879678236
2.4528000354767	-5.3949997199318
2.4532001018524	-5.3770655294387
2.4535999298096	-5.3592848821311
2.4539999961853	-5.3416547950417
2.4544000625610	-5.3241749295007
2.4547998905182	-5.3068416816314
2.4551999568939	-5.2896572594687
2.4556000232697	-5.2726161589496
2.4560000896454	-5.2557194341889
2.4563999176025	-5.2389636056648
2.4567999839783	-5.2223505841393
2.4572000503540	-5.2058741582637
2.4576001167297	-5.1895367019959
2.4579999446869	-5.1733329251423
2.4584000110626	-5.1572665251335
2.4588000774384	-5.1413312703956
2.4591999053955	-5.1255291210550
2.4595999717712	-5.1098567236585
2.4600000381470	-5.0943108992634
2.4604001045227	-5.0788950119450
2.4607999324799	-5.0636046096436
2.4611999988556	-5.0484382385466
2.4616000652313	-5.0333960419503
2.4619998931885	-5.0184734978209
2.4623999595642	-5.0036730582734
2.4628000259399	-4.9889930543447
2.4632000923157	-4.9744297553076
2.4635999202728	-4.9599827646142
2.4639999866486	-4.9456510604933
2.4644000530243	-4.9314348573257
2.4647998809814	-4.9173294088603
2.4651999473572	-4.9033374900333
2.4656000137329	-4.8894529000490
2.4660000801086	-4.8756801508296
2.4663999080658	-4.8620138286633
2.4667999744415	-4.8484531172355
2.4672000408173	-4.8349992134342
2.4676001071930	-4.8216487706140
2.4679999351501	-4.8084024642123
2.4684000015259	-4.7952558000895
2.4688000679016	-4.7822103149038
2.4691998958588	-4.7692671420671
2.4695999622345	-4.7564181288858
2.4700000286102	-4.7436689123816
2.4704000949860	-4.7310157749180
2.4707999229431	-4.7184563756256
2.4711999893188	-4.7059892806989
2.4716000556946	-4.6936177497790
2.4719998836517	-4.6813385307002
2.4723999500275	-4.6691478939402
2.4728000164032	-4.6570463144080
2.4732000827789	-4.6450349371961
2.4735999107361	-4.6331104830072
2.4739999771118	-4.6212734912251
2.4744000434875	-4.6095198035154
2.4748001098633	-4.5978520753006
2.4751999378204	-4.5862674857206
2.4756000041962	-4.5747645366736
2.4760000705719	-4.5633446382151
2.4763998985291	-4.5520037631024
2.4767999649048	-4.5407433256404
2.4772000312805	-4.5295609905992
2.4776000976562	-4.5184579102050
2.4779999256134	-4.5074293817554
2.4783999919891	-4.4964773364058
2.4788000583649	-4.4856010230665
2.4791998863220	-4.4747991384806
2.4795999526978	-4.4640702915207
2.4800000190735	-4.4534133190525
2.4804000854492	-4.4428276119235
2.4807999134064	-4.4323127851337
2.4811999797821	-4.4218682518217
2.4816000461578	-4.4114917160369
2.4820001125336	-4.4011845200275
2.4823999404907	-4.3909431854101
2.4828000068665	-4.3807704976111
2.4832000732422	-4.3706622989286
2.4835999011993	-4.3606203376896
2.4839999675751	-4.3506417082297
2.4844000339508	-4.3407256443582
2.4848001003265	-4.3308735342463
2.4851999282837	-4.3210825377590
2.4855999946594	-4.3113538993710
2.4860000610352	-4.3016860248708
2.4863998889923	-4.2920779122470
2.4867999553680	-4.2825295587617
2.4872000217438	-4.2730385532453
2.4876000881195	-4.2636059679031
2.4879999160767	-4.2542307240415
2.4883999824524	-4.2449125452869
2.4888000488281	-4.2356492153643
2.4892001152039	-4.2264425463960
2.4895999431610	-4.2172900158890
2.4900000095367	-4.2081912243636
2.4904000759125	-4.1991460259342
2.4907999038696	-4.1901543797543
2.4911999702454	-4.1812144915271
2.4916000366211	-4.1723267226968
2.4920001029968	-4.1634904858062
2.4923999309540	-4.1547042212163
2.4927999973297	-4.1459686187717
2.4932000637054	-4.1372828678943
2.4935998916626	-4.1286453398901
2.4939999580383	-4.1200568675962
2.4944000244141	-4.1115177148416
2.4948000907898	-4.1030234964704
2.4951999187469	-4.0945793304317
2.4955999851227	-4.0861815079176
2.4960000514984	-4.0778279479514
2.4964001178741	-4.0695228424288
2.4967999458313	-4.0612626917017
2.4972000122070	-4.0530465668272
2.4976000785828	-4.0448746034266
2.4979999065399	-4.0367483214009
2.4983999729156	-4.0286639187506
2.4988000392914	-4.0206258799580
2.4992001056671	-4.0126288532149
2.4995999336243	-4.0046749012794
2.5000000000000	-3.9967633526798
2.5004000663757	-3.9888939255771
2.5007998943329	-3.9810663937391
2.5011999607086	-3.9732786571752
2.5016000270844	-3.9655337048131
2.5020000934601	-3.9578287983063
2.5023999214172	-3.9501640697726
2.5027999877930	-3.9425417281158
2.5032000541687	-3.9349563557764
2.5035998821259	-3.9274126564231
2.5039999485016	-3.9199092018464
2.5044000148773	-3.9124423836073
2.5048000812531	-3.9050148541629
2.5051999092102	-3.8976257594840
2.5055999755859	-3.8902761265233
2.5060000419617	-3.8829666404967
2.5064001083374	-3.8756913080532
2.5067999362946	-3.8684579029005
2.5072000026703	-3.8612600701611
2.5076000690460	-3.8540992280608
2.5079998970032	-3.8469767824760
2.5083999633789	-3.8398900223891
2.5088000297546	-3.8328424756813
2.5092000961304	-3.8258303745049
2.5095999240875	-3.8188557536925
2.5099999904633	-3.8119179580709
2.5104000568390	-3.8050181109146
2.5107998847961	-3.7981515433882
2.5111999511719	-3.7913233803437
2.5116000175476	-3.7845312459230
2.5120000839233	-3.7777760888900
2.5123999118805	-3.7710564568303
2.5127999782562	-3.7643722526921
2.5132000446320	-3.7577263922997
2.5136001110077	-3.7511136658578
2.5139999389648	-3.7445371056705
2.5144000053406	-3.7379987976994
2.5148000717163	-3.7314952306680
2.5151998996735	-3.7250276131881
2.5155999660492	-3.7185957117995
2.5160000324249	-3.7121993298087
2.5164000988007	-3.7058404031144
2.5167999267578	-3.6995149089230
2.5171999931335	-3.6932284766373
2.5176000595093	-3.6869764469539
2.5179998874664	-3.6807590068174
2.5183999538422	-3.6745796866372
2.5188000202179	-3.6684351993733
2.5192000865936	-3.6623280697674
2.5195999145508	-3.6562563894583
2.5199999809265	-3.6502218198241
2.5204000473022	-3.6442236969757
2.5208001136780	-3.6382613547794
2.5211999416351	-3.6323356081133
2.5216000080109	-3.6264468102578
2.5220000743866	-3.6205944816168
2.5223999023438	-3.6147800208777
2.5227999687195	-3.6089995036997
2.5232000350952	-3.6032576929640
2.5236001014709	-3.5975541939763
2.5239999294281	-3.5918866197566
2.5243999958038	-3.5862566840699
2.5248000621796	-3.5806654406290
2.5251998901367	-3.5751104761997
2.5255999565125	-3.5695950766257
2.5260000228882	-3.5641161427267
2.5264000892639	-3.5586762581228
2.5267999172211	-3.5532729405193
2.5271999835968	-3.5479082333938
2.5276000499725	-3.5425847980315
2.5280001163483	-3.5372977280456
2.5283999443054	-3.5320508739703
2.5288000106812	-3.5268416148235
2.5292000770569	-3.5216736843226
2.5295999050140	-3.5165432716315
2.5299999713898	-3.5114543519705
2.5304000377655	-3.5064041577792
2.5308001041412	-3.5013946000633
2.5311999320984	-3.4964246259593
2.5315999984741	-3.4914950240326
2.5320000648499	-3.4866068971485
2.5323998928070	-3.4817587465812
2.5327999591827	-3.4769518296691
2.5332000255585	-3.4721865865433
2.5336000919342	-3.4674626952866
2.5339999198914	-3.4627791266364
2.5343999862671	-3.4581391772429
2.5348000526428	-3.4535409227499
2.5352001190186	-3.4489847669610
2.5355999469757	-3.4444704811926
2.5360000133514	-3.4399999745121
2.5364000797272	-3.4355715706226
2.5367999076843	-3.4311871426553
2.5371999740601	-3.4268450384140
2.5376000404358	-3.4225463331779
2.5380001068115	-3.4182924521908
2.5383999347687	-3.4140823448764
2.5388000011444	-3.4099162372880
2.5392000675201	-3.4057941297226
2.5395998954773	-3.4017172940158
2.5399999618530	-3.3976851894071
2.5404000282288	-3.3936987254364
2.5408000946045	-3.3897557487827
2.5411999225616	-3.3858592704620
2.5415999889374	-3.3820088668283
2.5420000553131	-3.3782045675549
2.5423998832703	-3.3744458381515
2.5427999496460	-3.3707340045268
2.5432000160217	-3.3670674427184
2.5436000823975	-3.3634488425617
2.5439999103546	-3.3598765862100
2.5443999767303	-3.3563525972902
2.5448000431061	-3.3528743921935
2.5452001094818	-3.3494440442905
2.5455999374390	-3.3460622107223
2.5460000038147	-3.3427277340083
2.5464000701904	-3.3394413665263
2.5467998981476	-3.3362028147526
2.5471999645233	-3.3330134199944
2.5476000308990	-3.3298729951853
2.5480000972748	-3.3267798246036
2.5483999252319	-3.3237375723944
2.5487999916077	-3.3207437728360
2.5492000579834	-3.3177990298904
2.5495998859406	-3.3149039454074
2.5499999523163	-3.3120583716658
2.5504000186920	-3.3092606526426
2.5508000850677	-3.3065159881173
2.5511999130249	-3.3038196696048
2.5515999794006	-3.3011738016573
2.5520000457764	-3.2985776731705
2.5524001121521	-3.2960332628800
2.5527999401093	-3.2935375862158
2.5532000064850	-3.2910942840477
2.5536000728607	-3.2887010510199
2.5539999008179	-3.2863576719744
2.5543999671936	-3.2840665303016
2.5548000335693	-3.2818250717495
2.5552000999451	-3.2796366782786
2.5555999279022	-3.2774985669907
2.5559999942780	-3.2754117278476
2.5564000606537	-3.2733760171360
2.5567998886108	-3.2713907357532
2.5571999549866	-3.2694583704565
2.5576000213623	-3.2675769089928
2.5580000877380	-3.2657466969030
2.5583999156952	-3.2639677221266
2.5587999820709	-3.2622392551226
2.5592000484467	-3.2605649144676
2.5596001148224	-3.2589404732316
2.5599999427795	-3.2573674809196
2.5604000091553	-3.2558465736723
2.5608000755310	-3.2543763878205
2.5611999034882	-3.2529577706143
2.5615999698639	-3.2515909414677
2.5620000362396	-3.2502759516025
2.5624001026154	-3.2490111877665
2.5627999305725	-3.2477986029394
2.5631999969482	-3.2466365850527
2.5636000633240	-3.2455236970755
2.5639998912811	-3.2444634859623
2.5643999576569	-3.2434541103371
2.5648000240326	-3.2424955943476
2.5652000904083	-3.2415876461304
2.5655999183655	-3.2407295794735
2.5659999847412	-3.2399220316965
2.5664000511169	-3.2391641493852
2.5668001174927	-3.2384563404182
2.5671999454498	-3.2377979731420
2.5676000118256	-3.2371892585076
2.5680000782013	-3.2366313575463
2.5683999061584	-3.2361204428354
2.5687999725342	-3.2356594645501
2.5692000389099	-3.2352465921156
2.5696001052856	-3.2348818389687
2.5699999332428	-3.2345661670336
2.5703999996185	-3.2342988937179
2.5708000659943	-3.2340767487331
2.5711998939514	-3.2339034761908
2.5715999603271	-3.2337779249889
2.5720000267029	-3.2336971997828
2.5724000930786	-3.2336638408413
2.5727999210358	-3.2336758057016
2.5731999874115	-3.2337334850695
2.5736000537872	-3.2338369040858
2.5739998817444	-3.2339850548842
2.5743999481201	-3.2341751128917
2.5748000144958	-3.2344118033272
2.5752000808716	-3.2346909898712
2.5755999088287	-3.2350144578836
2.5759999752045	-3.2353794781998
2.5764000415802	-3.2357871028904
2.5768001079559	-3.2362362010517
2.5771999359131	-3.2367255372285
2.5776000022888	-3.2372569943181
2.5780000686646	-3.2378278503451
2.5783998966217	-3.2384385015519
2.5787999629974	-3.2390884354116
2.5792000293732	-3.2397765973387
2.5796000957489	-3.2405018702014
2.5799999237061	-3.2412653671126
2.5803999900818	-3.2420657829803
2.5808000564575	-3.2429006123994
2.5811998844147	-3.2437719164070
2.5815999507904	-3.2446780624550
2.5820000171661	-3.2456178507816
2.5824000835419	-3.2465896200299
2.5827999114990	-3.2475970828393
2.5831999778748	-3.2486346271698
2.5836000442505	-3.2497037583903
2.5840001106262	-3.2508031573760
2.5843999385834	-3.2519318688514
2.5848000049591	-3.2530895922425
2.5852000713348	-3.2542761189354
2.5855998992920	-3.2554892261184
2.5859999656677	-3.2567288199167
2.5864000320435	-3.2579935422452
2.5868000984192	-3.2592842617347
2.5871999263763	-3.2605993616715
2.5875999927521	-3.2619345427150
2.5880000591278	-3.2632943899141
2.5883998870850	-3.2646750280633
2.5887999534607	-3.2660751593102
2.5892000198364	-3.2674960605345
2.5896000862122	-3.2689331711409
2.5899999141693	-3.2703891341950
2.5903999805450	-3.2718609446467
2.5908000469208	-3.2733489150716
2.5912001132965	-3.2748493517177
2.5915999412537	-3.2763648336262
2.5920000076294	-3.2778919894708
2.5924000740051	-3.2794308685473
2.5927999019623	-3.2809795240028
2.5931999683380	-3.2825364585403
2.5936000347137	-3.2841023615941
2.5940001010895	-3.2856754482289
2.5943999290466	-3.2872525234195
2.5947999954224	-3.2888356102414
2.5952000617981	-3.2904211475625
2.5955998897552	-3.2920099795784
2.5959999561310	-3.2935985351892
2.5964000225067	-3.2951873780539
2.5968000888824	-3.2967759627846
2.5971999168396	-3.2983606506125
2.5975999832153	-3.2999413987759
2.5980000495911	-3.3015166567807
2.5984001159668	-3.3030877381458
2.5987999439240	-3.3046495491170
2.5992000102997	-3.3062022461161
2.5996000766754	-3.3077456144417
2.5999999046326	-3.3092774811118
