#Parameters = {conPlaceY=21; conPlaceX=0; pinHole=2.4; Pinlength=17.9; tykSkrue=6.2; hightSkrue=8; PinInsCon=4.1; Pincon=1.2; hcon=1.7; Wcon=12.7; h=1.61; tc=0.035; Wf=2; WavelengthsNumber=2; Wavelength=2; Ls=52.3; Ws=56.5; y0=10; Lp=29.4; Wp=35; Mesh Pass=2}
#"Frequency / GHz"	"S1,1 (Mesh Pass=2) [Magnitude / dB]"
#-------------------------------------------------------
2.2999999523163	-3.4702539733744
2.3002998828888	-3.4825270479083
2.3006000518799	-3.4948835666980
2.3008999824524	-3.5073260555597
2.3011999130249	-3.5198551125716
2.3015000820160	-3.5324735273037
2.3018000125885	-3.5451831148119
2.3020999431610	-3.5579866038221
2.3024001121521	-3.5708860862654
2.3027000427246	-3.5838815739830
2.3029999732971	-3.5969761423373
2.3032999038696	-3.6101723527422
2.3036000728607	-3.6234702598860
2.3039000034332	-3.6368734582313
2.3041999340057	-3.6503826091939
2.3045001029968	-3.6640001666598
2.3048000335693	-3.6777272046471
2.3050999641418	-3.6915660753984
2.3053998947144	-3.7055197052660
2.3057000637054	-3.7195867643722
2.3059999942780	-3.7337722014828
2.3062999248505	-3.7480770306480
2.3066000938416	-3.7625010052259
2.3069000244141	-3.7770467423077
2.3071999549866	-3.7917167653364
2.3074998855591	-3.8065132641675
2.3078000545502	-3.8214357578070
2.3080999851227	-3.8364872883330
2.3083999156952	-3.8516689083929
2.3087000846863	-3.8669826880398
2.3090000152588	-3.8824301907530
2.3092999458313	-3.8980131388663
2.3096001148224	-3.9137320569033
2.3099000453949	-3.9295895976287
2.3101999759674	-3.9455876448952
2.3104999065399	-3.9617259883923
2.3108000755310	-3.9780068934507
2.3111000061035	-3.9944320397707
2.3113999366760	-4.0110032022590
2.3117001056671	-4.0277209611448
2.3120000362396	-4.0445868920102
2.3122999668121	-4.0616030356779
2.3125998973846	-4.0787705070408
2.3129000663757	-4.0960900949943
2.3131999969482	-4.1135645810542
2.3134999275208	-4.1311935672332
2.3138000965118	-4.1489792892676
2.3141000270844	-4.1669220786344
2.3143999576569	-4.1850242120670
2.3146998882294	-4.2032870056829
2.3150000572205	-4.2217109227736
2.3152999877930	-4.2402979803473
2.3155999183655	-4.2590494836598
2.3159000873566	-4.2779653462938
2.3162000179291	-4.2970484127678
2.3164999485016	-4.3162972881205
2.3168001174927	-4.3357148578096
2.3171000480652	-4.3553019662684
2.3173999786377	-4.3750601565084
2.3176999092102	-4.3949898942002
2.3180000782013	-4.4150920582166
2.3183000087738	-4.4353682759758
2.3185999393463	-4.4558192967098
2.3189001083374	-4.4764464094312
2.3192000389099	-4.4972487801517
2.3194999694824	-4.5182278380719
2.3197999000549	-4.5393879523383
2.3201000690460	-4.5607251061000
2.3203999996185	-4.5822435944049
2.3206999301910	-4.6039426371138
2.3210000991821	-4.6258223355169
2.3213000297546	-4.6478860253154
2.3215999603271	-4.6701319847788
2.3218998908997	-4.6925626165503
2.3222000598907	-4.7151779621234
2.3224999904633	-4.7379768480545
2.3227999210358	-4.7609628286489
2.3231000900269	-4.7841362526374
2.3234000205994	-4.8074952320350
2.3236999511719	-4.8310441405014
2.3239998817444	-4.8547789834400
2.3243000507355	-4.8787036537737
2.3245999813080	-4.9028183175500
2.3248999118805	-4.9271212557339
2.3252000808716	-4.9516151497066
2.3255000114441	-4.9762993179036
2.3257999420166	-5.0011738192081
2.3261001110077	-5.0262401008828
2.3264000415802	-5.0514975282877
2.3266999721527	-5.0769470040042
2.3269999027252	-5.1025879173499
2.3273000717163	-5.1284218507385
2.3276000022888	-5.1544475135660
2.3278999328613	-5.1806658783138
2.3282001018524	-5.2070762628790
2.3285000324249	-5.2336796819682
2.3287999629974	-5.2604755705427
2.3290998935699	-5.2874646473542
2.3294000625610	-5.3146454855486
2.3296999931335	-5.3420187727331
2.3299999237061	-5.3695849823242
2.3303000926971	-5.3973423281355
2.3306000232697	-5.4252916950459
2.3308999538422	-5.4534324095120
2.3311998844147	-5.4817642942936
2.3315000534058	-5.5102872004149
2.3317999839783	-5.5389997853452
2.3320999145508	-5.5679032764529
2.3324000835419	-5.5969962996899
2.3327000141144	-5.6262779853488
2.3329999446869	-5.6557478857434
2.3333001136780	-5.6854043958292
2.3336000442505	-5.7152484852298
2.3338999748230	-5.7452778365046
2.3341999053955	-5.7754935294861
2.3345000743866	-5.8058919072633
2.3348000049591	-5.8364745711824
2.3350999355316	-5.8672388761241
2.3354001045227	-5.8981848170828
2.3357000350952	-5.9293099657099
2.3359999656677	-5.9606143986351
2.3362998962402	-5.9920969590422
2.3366000652313	-6.0237548609701
2.3368999958038	-6.0555871237982
2.3371999263763	-6.0875915014967
2.3375000953674	-6.1197679823052
2.3378000259399	-6.1521153555580
2.3380999565125	-6.1846307450944
2.3383998870850	-6.2173112840497
2.3387000560760	-6.2501557990181
2.3389999866486	-6.2831638618410
2.3392999172211	-6.3163318005318
2.3396000862122	-6.3496575453690
2.3399000167847	-6.3831401836628
2.3401999473572	-6.4167758863596
2.3405001163483	-6.4505625707613
2.3408000469208	-6.4844964016912
2.3410999774933	-6.5185786678513
2.3413999080658	-6.5528019185509
2.3417000770569	-6.5871662634313
2.3420000076294	-6.6216677870633
2.3422999382019	-6.6563036999629
2.3426001071930	-6.6910709695848
2.3429000377655	-6.7259638056271
2.3431999683380	-6.7609832938805
2.3434998989105	-6.7961229801733
2.3438000679016	-6.8313790603208
2.3440999984741	-6.8667493632914
2.3443999290466	-6.9022287623975
2.3447000980377	-6.9378140636050
2.3450000286102	-6.9735003608963
2.3452999591827	-7.0092832314609
2.3455998897552	-7.0451584689624
2.3459000587463	-7.0811235096668
2.3461999893188	-7.1171701268544
2.3464999198914	-7.1532959912165
2.3468000888824	-7.1894943206230
2.3471000194550	-7.2257622022686
2.3473999500275	-7.2620925537402
2.3477001190186	-7.2984799974929
2.3480000495911	-7.3349184355981
2.3482999801636	-7.3714038734073
2.3485999107361	-7.4079303910733
2.3489000797272	-7.4444896372452
2.3492000102997	-7.4810787253139
2.3494999408722	-7.5176868312920
2.3498001098633	-7.5543124152105
2.3501000404358	-7.5909438111690
2.3503999710083	-7.6275768818005
2.3506999015808	-7.6642042006056
2.3510000705719	-7.7008187598918
2.3513000011444	-7.7374115428459
2.3515999317169	-7.7739766673087
2.3519001007080	-7.8105060298955
2.3522000312805	-7.8469890196600
2.3524999618530	-7.8834205373433
2.3527998924255	-7.9197928841602
2.3531000614166	-7.9560929358602
2.3533999919891	-7.9923155273417
2.3536999225616	-8.0284540690056
2.3540000915527	-8.0644929036509
2.3543000221252	-8.1004276148697
2.3545999526978	-8.1362476155931
2.3548998832703	-8.1719422975493
2.3552000522614	-8.2075033798865
2.3554999828339	-8.2429197880049
2.3557999134064	-8.2781808466842
2.3561000823975	-8.3132767268068
2.3564000129700	-8.3481975168215
2.3566999435425	-8.3829333227016
2.3570001125336	-8.4174692633468
2.3573000431061	-8.4517983521730
2.3575999736786	-8.4859085279467
2.3578999042511	-8.5197859762908
2.3582000732422	-8.5534220707113
2.3585000038147	-8.5868054150557
2.3587999343872	-8.6199220415357
2.3591001033783	-8.6527614476324
2.3594000339508	-8.6853105320529
2.3596999645233	-8.7175577296709
2.3599998950958	-8.7494910944488
2.3603000640869	-8.7810979977179
2.3605999946594	-8.8123666202851
2.3608999252319	-8.8432828208788
2.3612000942230	-8.8738355947512
2.3615000247955	-8.9040114793554
2.3617999553680	-8.9337975269840
2.3620998859406	-8.9631815764057
2.3624000549316	-8.9921503285509
2.3626999855042	-9.0206915200853
2.3629999160767	-9.0487920912284
2.3633000850677	-9.0764390356490
2.3636000156403	-9.1036199916505
2.3638999462128	-9.1303221382682
2.3642001152039	-9.1565312972084
2.3645000457764	-9.1822385902677
2.3647999763489	-9.2074267204502
2.3650999069214	-9.2320863344026
2.3654000759125	-9.2562042338432
2.3657000064850	-9.2797688630038
2.3659999370575	-9.3027668821636
2.3663001060486	-9.3251879685912
2.3666000366211	-9.3470181908808
2.3668999671936	-9.3682483144126
2.3671998977661	-9.3888656010453
2.3675000667572	-9.4088592808958
2.3677999973297	-9.4282195254905
2.3680999279022	-9.4469338535404
2.3684000968933	-9.4649929294593
2.3687000274658	-9.4823873199827
2.3689999580383	-9.4991053545561
2.3692998886108	-9.5151416408507
2.3696000576019	-9.5304822029025
2.3698999881744	-9.5451218404140
2.3701999187469	-9.5590503444485
2.3705000877380	-9.5722613521862
2.3708000183105	-9.5847463118986
2.3710999488831	-9.5964993190775
2.3714001178741	-9.6075119179197
2.3717000484467	-9.6177797101107
2.3719999790192	-9.6272954195363
2.3722999095917	-9.6360538060335
2.3726000785828	-9.6440514680686
2.3729000091553	-9.6512828428689
2.3731999397278	-9.6577452197654
2.3735001087189	-9.6634339055280
2.3738000392914	-9.6683459733858
2.3740999698639	-9.6724804710928
2.3743999004364	-9.6758340700986
2.3747000694275	-9.6784060799940
2.3750000000000	-9.6801967264244
2.3752999305725	-9.6812042716978
2.3756000995636	-9.6814292029048
2.3759000301361	-9.6808722703052
2.3761999607086	-9.6795361981446
2.3764998912811	-9.6774197662997
2.3768000602722	-9.6745284270196
2.3770999908447	-9.6708624721929
2.3773999214172	-9.6664266984128
2.3777000904083	-9.6612250915418
2.3780000209808	-9.6552605166684
2.3782999515533	-9.6485383967058
2.3785998821259	-9.6410640165259
2.3789000511169	-9.6328438990052
2.3791999816895	-9.6238831273297
2.3794999122620	-9.6141861205471
2.3798000812531	-9.6037626014959
2.3801000118256	-9.5926205303741
2.3803999423981	-9.5807668223641
2.3807001113892	-9.5682082121301
2.3810000419617	-9.5549541992130
2.3812999725342	-9.5410135170450
2.3815999031067	-9.5263959268198
2.3819000720978	-9.5111102084805
2.3822000026703	-9.4951657669309
2.3824999332428	-9.4785732761492
2.3828001022339	-9.4613434730060
2.3831000328064	-9.4434864495845
2.3833999633789	-9.4250116481980
2.3836998939514	-9.4059315671419
2.3840000629425	-9.3862579945515
2.3842999935150	-9.3660012826391
2.3845999240875	-9.3451737976304
2.3849000930786	-9.3237851820289
2.3852000236511	-9.3018489911706
2.3854999542236	-9.2793784310296
2.3857998847961	-9.2563825133649
2.3861000537872	-9.2328755410307
2.3863999843597	-9.2088686865570
2.3866999149323	-9.1843749056704
2.3870000839233	-9.1594058775362
2.3873000144958	-9.1339743009188
2.3875999450684	-9.1080923101814
2.3879001140594	-9.0817734519672
2.3882000446320	-9.0550280196535
2.3884999752045	-9.0278684808640
2.3887999057770	-9.0003095544353
2.3891000747681	-8.9723599341958
2.3894000053406	-8.9440354621897
2.3896999359131	-8.9153449618714
2.3900001049042	-8.8863032785296
2.3903000354767	-8.8569198947463
2.3905999660492	-8.8272078509543
2.3908998966217	-8.7971779366105
2.3912000656128	-8.7668431458155
2.3914999961853	-8.7362144352708
2.3917999267578	-8.7053026269543
2.3921000957489	-8.6741197594029
2.3924000263214	-8.6426756857384
2.3926999568939	-8.6109834905854
2.3929998874664	-8.5790521755989
2.3933000564575	-8.5468918056935
2.3935999870300	-8.5145142115410
2.3938999176025	-8.4819300886409
2.3942000865936	-8.4491475397934
2.3945000171661	-8.4161788687273
2.3947999477386	-8.3830332861976
2.3951001167297	-8.3497198766992
2.3954000473022	-8.3162463180648
2.3956999778748	-8.2826254072898
2.3959999084473	-8.2488645648454
2.3963000774384	-8.2149732534995
2.3966000080109	-8.1809594202410
2.3968999385834	-8.1468316666644
2.3972001075745	-8.1125992725165
2.3975000381470	-8.0782693303014
2.3977999687195	-8.0438508558248
2.3980998992920	-8.0093504302472
2.3984000682831	-7.9747773482192
2.3986999988556	-7.9401381356874
2.3989999294281	-7.9054396330441
2.3993000984192	-7.8706905893582
2.3996000289917	-7.8358962740323
2.3998999595642	-7.8010656814826
2.4001998901367	-7.7662025697100
2.4005000591278	-7.7313149455085
2.4007999897003	-7.6964100420606
2.4010999202728	-7.6614924284037
2.4014000892639	-7.6265677941558
2.4017000198364	-7.5916422373380
2.4019999504089	-7.5567230765184
2.4022998809814	-7.5218148205284
2.4026000499725	-7.4869213725059
2.4028999805450	-7.4520501519332
2.4031999111176	-7.4172047776440
2.4035000801086	-7.3823904975299
2.4038000106812	-7.3476113477288
2.4040999412537	-7.3128734284619
2.4044001102448	-7.2781805572418
2.4047000408173	-7.2435363400779
2.4049999713898	-7.2089453108453
2.4052999019623	-7.1744119271481
2.4056000709534	-7.1399412375612
2.4059000015259	-7.1055337159488
2.4061999320984	-7.0711964041787
2.4065001010895	-7.0369305473953
2.4068000316620	-7.0027415034206
2.4070999622345	-6.9686312610049
2.4073998928070	-6.9346034868566
2.4077000617981	-6.9006612469027
2.4079999923706	-6.8668076615516
2.4082999229431	-6.8330456319186
2.4086000919342	-6.7993774313826
2.4089000225067	-6.7658051979273
2.4091999530792	-6.7323333615545
2.4094998836517	-6.6989639202148
2.4098000526428	-6.6656982834009
2.4100999832153	-6.6325389173879
2.4103999137878	-6.5994898220662
2.4107000827789	-6.5665494913821
2.4110000133514	-6.5337239430848
2.4112999439240	-6.5010132266410
2.4116001129150	-6.4684188474623
2.4119000434875	-6.4359434074076
2.4121999740601	-6.4035888729139
2.4124999046326	-6.3713555590779
2.4128000736237	-6.3392464245666
2.4131000041962	-6.3072616480937
2.4133999347687	-6.2754046143855
2.4137001037598	-6.2436759199001
2.4140000343323	-6.2120751748665
2.4142999649048	-6.1806055129134
2.4145998954773	-6.1492674880886
2.4149000644684	-6.1180626044159
2.4151999950409	-6.0869918079199
2.4154999256134	-6.0560555198120
2.4158000946045	-6.0252556508491
2.4161000251770	-5.9945920178253
2.4163999557495	-5.9640664526621
2.4166998863220	-5.9336792342011
2.4170000553131	-5.9034311005531
2.4172999858856	-5.8733232567810
2.4175999164581	-5.8433559290310
2.4179000854492	-5.8135292475153
2.4182000160217	-5.7838453597103
2.4184999465942	-5.7543033585040
2.4188001155853	-5.7249043339168
2.4191000461578	-5.6956483461476
2.4193999767303	-5.6665364683199
2.4196999073029	-5.6375686454482
2.4200000762939	-5.6087449566235
2.4203000068665	-5.5800653593209
2.4205999374390	-5.5515317816026
2.4209001064301	-5.5231432337867
2.4212000370026	-5.4949005924757
2.4214999675751	-5.4668028361152
2.4217998981476	-5.4388518092658
2.4221000671387	-5.4110464587474
2.4223999977112	-5.3833866827911
2.4226999282837	-5.3558723635392
2.4230000972748	-5.3285052808980
2.4233000278473	-5.3012833891144
2.4235999584198	-5.2742084754080
2.4238998889923	-5.2472784849025
2.4242000579834	-5.2204960691715
2.4244999885559	-5.1938582570738
2.4247999191284	-5.1673677129904
2.4251000881195	-5.1410223469869
2.4254000186920	-5.1148220369724
2.4256999492645	-5.0887674836514
2.4260001182556	-5.0628585626568
2.4263000488281	-5.0370941042261
2.4265999794006	-5.0114748739479
2.4268999099731	-4.9860006700509
2.4272000789642	-4.9606703927908
2.4275000095367	-4.9354838585613
2.4277999401093	-4.9104417450213
2.4281001091003	-4.8855430116737
2.4284000396729	-4.8607874297364
2.4286999702454	-4.8361748114515
2.4289999008179	-4.8117049547884
2.4293000698090	-4.7873767941839
2.4296000003815	-4.7631910382377
2.4298999309540	-4.7391465850860
2.4302000999451	-4.7152432975522
2.4305000305176	-4.6914818504488
2.4307999610901	-4.6678602870807
2.4310998916626	-4.6443775763191
2.4314000606537	-4.6210344178064
2.4316999912262	-4.5978315740321
2.4319999217987	-4.5747661521943
2.4323000907898	-4.5518398089531
2.4326000213623	-4.5290515483082
2.4328999519348	-4.5063994377136
2.4331998825073	-4.4838842020225
2.4335000514984	-4.4615057160983
2.4337999820709	-4.4392638429768
2.4340999126434	-4.4171559039731
2.4344000816345	-4.3951843109415
2.4347000122070	-4.3733463895119
2.4349999427795	-4.3516412022040
2.4353001117706	-4.3300703262120
2.4356000423431	-4.3086319711078
2.4358999729156	-4.2873268862759
2.4361999034882	-4.2661524800543
2.4365000724792	-4.2451094870079
2.4368000030518	-4.2241969992227
2.4370999336243	-4.2034149668609
2.4374001026154	-4.1827624993287
2.4377000331879	-4.1622395297250
2.4379999637604	-4.1418443441627
2.4382998943329	-4.1215761019383
2.4386000633240	-4.1014364065799
2.4388999938965	-4.0814235725743
2.4391999244690	-4.0615375987832
2.4395000934601	-4.0417760270733
2.4398000240326	-4.0221396478851
2.4400999546051	-4.0026285138026
2.4403998851776	-3.9832401441204
2.4407000541687	-3.9639761836072
2.4409999847412	-3.9448342380096
2.4412999153137	-3.9258143501549
2.4416000843048	-3.9069165345370
2.4419000148773	-3.8881401048785
2.4421999454498	-3.8694834283116
2.4425001144409	-3.8509458138937
2.4428000450134	-3.8325273115845
2.4430999755859	-3.8142287994042
2.4433999061584	-3.7960472142012
2.4437000751495	-3.7779834210299
2.4440000057220	-3.7600366898513
2.4442999362946	-3.7422055809701
2.4446001052856	-3.7244917907992
2.4449000358582	-3.7068907491339
2.4451999664307	-3.6894056834719
2.4454998970032	-3.6720335507684
2.4458000659943	-3.6547753907115
2.4460999965668	-3.6376281448421
2.4463999271393	-3.6205943679636
2.4467000961304	-3.6036718479155
2.4470000267029	-3.5868600379760
2.4472999572754	-3.5701582124242
2.4475998878479	-3.5535667481182
2.4479000568390	-3.5370834192144
2.4481999874115	-3.5207091799607
2.4484999179840	-3.5044419841361
2.4488000869751	-3.4882827979800
2.4491000175476	-3.4722295473269
2.4493999481201	-3.4562832272719
2.4497001171112	-3.4404410490965
2.4500000476837	-3.4247047249677
2.4502999782562	-3.4090722631977
2.4505999088287	-3.3935439117315
2.4509000778198	-3.3781184026643
2.4512000083923	-3.3627945908707
2.4514999389648	-3.3475733692518
2.4518001079559	-3.3324527888770
2.4521000385284	-3.3174332634387
2.4523999691010	-3.3025134671764
2.4526998996735	-3.2876937535528
2.4530000686646	-3.2729728877162
2.4532999992371	-3.2583497219653
2.4535999298096	-3.2438246336473
2.4539000988007	-3.2293971543945
2.4542000293732	-3.2150646196924
2.4544999599457	-3.2008295939968
2.4547998905182	-3.1866888134445
2.4551000595093	-3.1726448470736
2.4553999900818	-3.1586934603360
2.4556999206543	-3.1448351223359
2.4560000896454	-3.1310709540397
2.4563000202179	-3.1173990962040
2.4565999507904	-3.1038199935375
2.4568998813629	-3.0903302867120
2.4572000503540	-3.0769325660172
2.4574999809265	-3.0636242919581
2.4577999114990	-3.0504060569156
2.4581000804901	-3.0372780204080
2.4584000110626	-3.0242370795840
2.4586999416351	-3.0112844062194
2.4590001106262	-2.9984188681137
2.4593000411987	-2.9856402559100
2.4595999717712	-2.9729475351149
2.4598999023438	-2.9603404316122
2.4602000713348	-2.9478193854388
2.4605000019073	-2.9353833822622
2.4607999324799	-2.9230299646511
2.4611001014709	-2.9107603827511
2.4614000320435	-2.8985743939480
2.4616999626160	-2.8864694877416
2.4619998931885	-2.8744462675381
2.4623000621796	-2.8625058719499
2.4625999927521	-2.8506451994674
2.4628999233246	-2.8388647021680
2.4632000923157	-2.8271642200489
2.4635000228882	-2.8155427760331
2.4637999534607	-2.8039995292361
2.4640998840332	-2.7925341712035
2.4644000530243	-2.7811465682078
2.4646999835968	-2.7698363768561
2.4649999141693	-2.7586015751088
2.4653000831604	-2.7474438183249
2.4656000137329	-2.7363601529773
2.4658999443054	-2.7253519417466
2.4662001132965	-2.7144181817516
2.4665000438690	-2.7035579645244
2.4667999744415	-2.6927705655855
2.4670999050140	-2.6820564583418
2.4674000740051	-2.6714146637143
2.4677000045776	-2.6608445206133
2.4679999351501	-2.6503457895146
2.4683001041412	-2.6399161537331
2.4686000347137	-2.6295583665771
2.4688999652863	-2.6192694902259
2.4691998958588	-2.6090507928694
2.4695000648499	-2.5988992662203
2.4697999954224	-2.5888162776656
2.4700999259949	-2.5788016187607
2.4704000949860	-2.5688530695616
2.4707000255585	-2.5589727219598
2.4709999561310	-2.5491569380841
2.4712998867035	-2.5394069178229
2.4716000556946	-2.5297232815158
2.4718999862671	-2.5201026044337
2.4721999168396	-2.5105472864007
2.4725000858307	-2.5010547249446
2.4728000164032	-2.4916267004433
2.4730999469757	-2.4822597766407
2.4734001159668	-2.4729565884518
2.4737000465393	-2.4637142834516
2.4739999771118	-2.4545335626346
2.4742999076843	-2.4454134752605
2.4746000766754	-2.4363541155397
2.4749000072479	-2.4273546369414
2.4751999378204	-2.4184142459032
2.4755001068115	-2.4095329544673
2.4758000373840	-2.4007098812637
2.4760999679565	-2.3919451914540
2.4763998985291	-2.3832371648149
2.4767000675201	-2.3745867262784
2.4769999980927	-2.3659928639928
2.4772999286652	-2.3574557101813
2.4776000976562	-2.3489737084608
2.4779000282288	-2.3405469520244
2.4781999588013	-2.3321751904938
2.4784998893738	-2.3238570790291
2.4788000583649	-2.3155939144523
2.4790999889374	-2.3073838148036
2.4793999195099	-2.2992265926246
2.4797000885010	-2.2911215180320
2.4800000190735	-2.2830691001397
2.4802999496460	-2.2750688152546
2.4806001186371	-2.2671192520800
2.4809000492096	-2.2592203373198
2.4811999797821	-2.2513726380175
2.4814999103546	-2.2435747530565
2.4818000793457	-2.2358255448246
2.4821000099182	-2.2281267091612
2.4823999404907	-2.2204763740292
2.4827001094818	-2.2128737943640
2.4830000400543	-2.2053188631501
2.4832999706268	-2.1978123153126
2.4835999011993	-2.1903528307187
2.4839000701904	-2.1829395718272
2.4842000007629	-2.1755718607121
2.4844999313354	-2.1682517553836
2.4848001003265	-2.1609752194653
2.4851000308990	-2.1537449452394
2.4853999614716	-2.1465587954516
2.4856998920441	-2.1394173095343
2.4860000610352	-2.1323195165692
2.4862999916077	-2.1252654805268
2.4865999221802	-2.1182543979054
2.4869000911713	-2.1112853696877
2.4872000217438	-2.1043587788197
2.4874999523163	-2.0974752463845
2.4877998828888	-2.0906319991737
2.4881000518799	-2.0838315397113
2.4883999824524	-2.0770704984850
2.4886999130249	-2.0703501181895
2.4890000820160	-2.0636700054410
2.4893000125885	-2.0570293995067
2.4895999431610	-2.0504284600388
2.4899001121521	-2.0438664354126
2.4902000427246	-2.0373432954584
2.4904999732971	-2.0308584693733
2.4907999038696	-2.0244111693309
2.4911000728607	-2.0180013248061
2.4914000034332	-2.0116282799575
2.4916999340057	-2.0052929235309
2.4920001029968	-1.9989941418814
2.4923000335693	-1.9927320463445
2.4925999641418	-1.9865050879417
2.4928998947144	-1.9803138830575
2.4932000637054	-1.9741577719344
2.4934999942780	-1.9680354887685
2.4937999248505	-1.9619485454506
2.4941000938416	-1.9558958355462
2.4944000244141	-1.9498762125020
2.4946999549866	-1.9438919088629
2.4949998855591	-1.9379392819563
2.4953000545502	-1.9320202227325
2.4955999851227	-1.9261331044418
2.4958999156952	-1.9202795873042
2.4962000846863	-1.9144572172983
2.4965000152588	-1.9086666776902
2.4967999458313	-1.9029069845816
2.4971001148224	-1.8971791665575
2.4974000453949	-1.8914817561109
2.4976999759674	-1.8858137723639
2.4979999065399	-1.8801770803871
2.4983000755310	-1.8745711811305
2.4986000061035	-1.8689936486325
2.4988999366760	-1.8634464819488
2.4992001056671	-1.8579269110011
2.4995000362396	-1.8524376469468
2.4997999668121	-1.8469753280266
2.5000998973846	-1.8415426637567
2.5004000663757	-1.8361374872084
2.5006999969482	-1.8307594165690
2.5009999275208	-1.8254094960135
2.5013000965118	-1.8200871063919
2.5016000270844	-1.8147909199686
2.5018999576569	-1.8095216253074
2.5021998882294	-1.8042783689509
2.5025000572205	-1.7990621984515
2.5027999877930	-1.7938707225041
2.5030999183655	-1.7887060487957
2.5034000873566	-1.7835662692686
2.5037000179291	-1.7784519527605
2.5039999485016	-1.7733622494763
2.5043001174927	-1.7682973825270
2.5046000480652	-1.7632572115224
2.5048999786377	-1.7582411321151
2.5051999092102	-1.7532497111705
2.5055000782013	-1.7482817616300
2.5058000087738	-1.7433376054958
2.5060999393463	-1.7384163042428
2.5064001083374	-1.7335181794824
2.5067000389099	-1.7286439188125
2.5069999694824	-1.7237922183265
2.5072999000549	-1.7189624820159
2.5076000690460	-1.7141555238820
2.5078999996185	-1.7093709566974
2.5081999301910	-1.7046092181976
2.5085000991821	-1.6998676486080
2.5088000297546	-1.6951484240921
2.5090999603271	-1.6904503742446
2.5093998908997	-1.6857746387350
2.5097000598907	-1.6811187720480
2.5099999904633	-1.6764846153765
2.5102999210358	-1.6718707522019
2.5106000900269	-1.6672776174464
2.5109000205994	-1.6627055754136
2.5111999511719	-1.6581520670798
2.5114998817444	-1.6536198198891
2.5118000507355	-1.6491072281650
2.5120999813080	-1.6446148518512
2.5123999118805	-1.6401418517005
2.5127000808716	-1.6356876445769
2.5130000114441	-1.6312543127078
2.5132999420166	-1.6268389236067
2.5136001110077	-1.6224425489768
2.5139000415802	-1.6180656713859
2.5141999721527	-1.6137072162116
2.5144999027252	-1.6093679215554
2.5148000717163	-1.6050466406830
2.5151000022888	-1.6007440586149
2.5153999328613	-1.5964595147885
2.5157001018524	-1.5921937745276
2.5160000324249	-1.5879440484758
2.5162999629974	-1.5837148401160
2.5165998935699	-1.5795014517354
2.5169000625610	-1.5753072954926
2.5171999931335	-1.5711299359496
2.5174999237061	-1.5669703940966
2.5178000926971	-1.5628280579703
2.5181000232697	-1.5587027858883
2.5183999538422	-1.5545955555811
2.5186998844147	-1.5505039819603
2.5190000534058	-1.5464298658689
2.5192999839783	-1.5423737529703
2.5195999145508	-1.5383339545519
2.5199000835419	-1.5343100617744
2.5202000141144	-1.5303042667524
2.5204999446869	-1.5263144857470
2.5208001136780	-1.5223413971608
2.5211000442505	-1.5183842995044
2.5213999748230	-1.5144437364767
2.5216999053955	-1.5105198294725
2.5220000743866	-1.5066121628925
2.5223000049591	-1.5027207077683
2.5225999355316	-1.4988456023013
2.5229001045227	-1.4949860103389
2.5232000350952	-1.4911430116180
2.5234999656677	-1.4873153554136
2.5237998962402	-1.4835049640752
2.5241000652313	-1.4797089322743
2.5243999958038	-1.4759299937319
2.5246999263763	-1.4721660772790
2.5250000953674	-1.4684182694395
2.5253000259399	-1.4646866925763
2.5255999565125	-1.4609703742422
2.5258998870850	-1.4572697116853
2.5262000560760	-1.4535835987118
2.5264999866486	-1.4499155760456
2.5267999172211	-1.4462620764836
2.5271000862122	-1.4426233602063
2.5274000167847	-1.4390005050272
2.5276999473572	-1.4353937725310
2.5280001163483	-1.4318020506480
2.5283000469208	-1.4282260182362
2.5285999774933	-1.4246656506615
2.5288999080658	-1.4211208070795
2.5292000770569	-1.4175914596307
2.5295000076294	-1.4140772065612
2.5297999382019	-1.4105793631870
2.5301001071930	-1.4070955057372
2.5304000377655	-1.4036279066960
2.5306999683380	-1.4001754701142
2.5309998989105	-1.3967396590955
2.5313000679016	-1.3933185817153
2.5315999984741	-1.3899122261791
2.5318999290466	-1.3865225903997
2.5322000980377	-1.3831479313102
2.5325000286102	-1.3797884624767
2.5327999591827	-1.3764450173094
2.5330998897552	-1.3731163366986
2.5334000587463	-1.3698040448373
2.5336999893188	-1.3665070564052
2.5339999198914	-1.3632256079689
2.5343000888824	-1.3599598269131
2.5346000194550	-1.3567091649953
2.5348999500275	-1.3534748179767
2.5352001190186	-1.3502562377213
2.5355000495911	-1.3470529794098
2.5357999801636	-1.3438648262493
2.5360999107361	-1.3406935606698
2.5364000797272	-1.3375373738890
2.5367000102997	-1.3343965950064
2.5369999408722	-1.3312724126020
2.5373001098633	-1.3281635106307
2.5376000404358	-1.3250712242795
2.5378999710083	-1.3219951043223
2.5381999015808	-1.3189334060599
2.5385000705719	-1.3158889546877
2.5388000011444	-1.3128597174245
2.5390999317169	-1.3098477880754
2.5394001007080	-1.3068506644805
2.5397000312805	-1.3038697668223
2.5399999618530	-1.3009056659293
2.5402998924255	-1.2979568595471
2.5406000614166	-1.2950252024299
2.5408999919891	-1.2921081433529
2.5411999225616	-1.2892095478156
2.5415000915527	-1.2863265705659
2.5418000221252	-1.2834588911324
2.5420999526978	-1.2806082937559
2.5423998832703	-1.2777750597940
2.5427000522614	-1.2749575404462
2.5429999828339	-1.2721560923830
2.5432999134064	-1.2693714504493
2.5436000823975	-1.2666034535779
2.5439000129700	-1.2638518675970
2.5441999435425	-1.2611177200194
2.5445001125336	-1.2583998114604
2.5448000431061	-1.2556993970166
2.5450999736786	-1.2530157183691
2.5453999042511	-1.2503465445427
2.5457000732422	-1.2476961698020
2.5460000038147	-1.2450623477174
2.5462999343872	-1.2424448728840
2.5466001033783	-1.2398448987636
2.5469000339508	-1.2372620488583
2.5471999645233	-1.2346964637482
2.5474998950958	-1.2321474990234
2.5478000640869	-1.2296153294098
2.5480999946594	-1.2271003402150
2.5483999252319	-1.2246026763625
2.5487000942230	-1.2221230520876
2.5490000247955	-1.2196588971828
2.5492999553680	-1.2172127117095
2.5495998859406	-1.2147844885179
2.5499000549316	-1.2123725353471
2.5501999855042	-1.2099783792210
2.5504999160767	-1.2076014523770
2.5508000850677	-1.2052417513111
2.5511000156403	-1.2028999833391
2.5513999462128	-1.2005749230085
2.5517001152039	-1.1982670762549
2.5520000457764	-1.1959769021779
2.5522999763489	-1.1937039356919
2.5525999069214	-1.1914489462205
2.5529000759125	-1.1892103429020
2.5532000064850	-1.1869910767615
2.5534999370575	-1.1847881082616
2.5538001060486	-1.1826017504769
2.5541000366211	-1.1804335599215
2.5543999671936	-1.1782838821900
2.5546998977661	-1.1761499268570
2.5550000667572	-1.1740337887535
2.5552999973297	-1.1719357790814
2.5555999279022	-1.1698547018373
2.5559000968933	-1.1677919122763
2.5562000274658	-1.1657454022262
2.5564999580383	-1.1637158354916
2.5567998886108	-1.1617051921402
2.5571000576019	-1.1597111560994
2.5573999881744	-1.1577338910874
2.5576999187469	-1.1557750884806
2.5580000877380	-1.1538330405184
2.5583000183105	-1.1519079395292
2.5585999488831	-1.1499997688670
2.5589001178741	-1.1481092411108
2.5592000484467	-1.1462358180258
2.5594999790192	-1.1443796898480
2.5597999095917	-1.1425415211747
2.5601000785828	-1.1407191532427
2.5604000091553	-1.1389134520569
2.5606999397278	-1.1371245517893
2.5610001087189	-1.1353535071867
2.5613000392914	-1.1335991257026
2.5615999698639	-1.1318610866866
2.5618999004364	-1.1301397401291
2.5622000694275	-1.1284349517426
2.5625000000000	-1.1267462154070
2.5627999305725	-1.1250743849559
2.5631000995636	-1.1234187985869
2.5634000301361	-1.1217802982351
2.5636999607086	-1.1201575908155
2.5639998912811	-1.1185506855698
2.5643000602722	-1.1169594392542
2.5645999908447	-1.1153846855190
2.5648999214172	-1.1138269372655
2.5652000904083	-1.1122837527866
2.5655000209808	-1.1107556424837
2.5657999515533	-1.1092437763618
2.5660998821259	-1.1077466991533
2.5664000511169	-1.1062660654884
2.5666999816895	-1.1047984729802
2.5669999122620	-1.1033475336107
2.5673000812531	-1.1019111411217
2.5676000118256	-1.1004898160590
2.5678999423981	-1.0990832504826
2.5682001113892	-1.0976908452288
2.5685000419617	-1.0963129300324
2.5687999725342	-1.0949498573851
2.5690999031067	-1.0936001850673
2.5694000720978	-1.0922647338548
2.5697000026703	-1.0909426265912
2.5699999332428	-1.0896354312116
2.5703001022339	-1.0883403186357
2.5706000328064	-1.0870587367255
2.5708999633789	-1.0857904483044
2.5711998939514	-1.0845349311099
2.5715000629425	-1.0832922249100
2.5717999935150	-1.0820624064601
2.5720999240875	-1.0808442119637
2.5724000930786	-1.0796389001317
2.5727000236511	-1.0784451270773
2.5729999542236	-1.0772636643974
2.5732998847961	-1.0760935148797
2.5736000537872	-1.0749351119944
2.5738999843597	-1.0737865638324
2.5741999149323	-1.0726510225298
2.5745000839233	-1.0715244445427
2.5748000144958	-1.0704094041470
2.5750999450684	-1.0693042080532
2.5754001140594	-1.0682098483154
2.5757000446320	-1.0671237406656
2.5759999752045	-1.0660482638698
2.5762999057770	-1.0649816238710
2.5766000747681	-1.0639257019552
2.5769000053406	-1.0628764178181
2.5771999359131	-1.0618368896001
2.5775001049042	-1.0608059240750
2.5778000354767	-1.0597822680305
2.5780999660492	-1.0587658914724
2.5783998966217	-1.0577585317326
2.5787000656128	-1.0567575733615
2.5789999961853	-1.0557626521111
2.5792999267578	-1.0547757072247
2.5796000957489	-1.0537957506466
2.5799000263214	-1.0528201854614
2.5801999568939	-1.0518515526917
2.5804998874664	-1.0508879962814
2.5808000564575	-1.0499298994563
2.5810999870300	-1.0489775607425
2.5813999176025	-1.0480287844649
2.5817000865936	-1.0470833549088
2.5820000171661	-1.0461437996694
2.5822999477386	-1.0452075805556
2.5826001167297	-1.0442744842569
2.5829000473022	-1.0433454935880
2.5831999778748	-1.0424177296575
2.5834999084473	-1.0414933349832
2.5838000774384	-1.0405705935232
2.5841000080109	-1.0396494445362
2.5843999385834	-1.0387307217433
2.5847001075745	-1.0378117932138
2.5850000381470	-1.0368947991975
2.5852999687195	-1.0359777979307
2.5855998992920	-1.0350605880474
2.5859000682831	-1.0341449616521
2.5861999988556	-1.0332267589071
2.5864999294281	-1.0323077703918
2.5868000984192	-1.0313893175539
2.5871000289917	-1.0304680571915
2.5873999595642	-1.0295443789111
2.5876998901367	-1.0286182026943
2.5880000591278	-1.0276908527113
2.5882999897003	-1.0267597981907
2.5885999202728	-1.0258257781375
2.5889000892639	-1.0248862693772
2.5892000198364	-1.0239453765130
2.5894999504089	-1.0229986060400
2.5897998809814	-1.0220474997965
2.5901000499725	-1.0210907038503
2.5903999805450	-1.0201292921438
2.5906999111176	-1.0191610954426
2.5910000801086	-1.0181876466089
2.5913000106812	-1.0172074843541
2.5915999412537	-1.0162202915409
2.5919001102448	-1.0152253952490
2.5922000408173	-1.0142246743763
2.5924999713898	-1.0132140123891
2.5927999019623	-1.0121968819106
2.5931000709534	-1.0111691700226
2.5934000015259	-1.0101342371086
2.5936999320984	-1.0090893544687
2.5940001010895	-1.0080351185540
2.5943000316620	-1.0069699294741
2.5945999622345	-1.0058949918429
2.5948998928070	-1.0048090100386
2.5952000617981	-1.0037124251847
2.5954999923706	-1.0026050556997
2.5957999229431	-1.0014865281464
2.5961000919342	-1.0003549828098
2.5964000225067	-0.99921172083471
2.5966999530792	-0.99805631332292
2.5969998836517	-0.99688735231285
2.5973000526428	-0.99570375817689
2.5975999832153	-0.99450903961502
2.5978999137878	-0.99329938197487
2.5982000827789	-0.99207610517269
2.5985000133514	-0.99083803817827
2.5987999439240	-0.98958486339500
2.5991001129150	-0.98831768397146
2.5994000434875	-0.98703498527743
2.5996999740601	-0.98573660449874
2.5999999046326	-0.98442311608461
