#Parameters = {Lm=52.3; Lp=29.4; Wf=2; Wm=56.5; Wp=35; h=1.61; tp=0.035; y0=10}
#"Frequency / GHz"	"S1,1 [Magnitude / dB]"
#-----------------------------------------
2.2000000476837	-1.2874862297114
2.2004001140594	-1.2912011181102
2.2007999420166	-1.2950084044576
2.2012000083923	-1.2989073703312
2.2016000747681	-1.3028978080667
2.2019999027252	-1.3069785092712
2.2023999691010	-1.3111489765059
2.2028000354767	-1.3154096786703
2.2032001018524	-1.3197599592146
2.2035999298096	-1.3241971622926
2.2039999961853	-1.3287219961851
2.2044000625610	-1.3333354490769
2.2047998905182	-1.3380342540670
2.2051999568939	-1.3428186219336
2.2056000232697	-1.3476877782379
2.2060000896454	-1.3526412814135
2.2063999176025	-1.3576775310904
2.2067999839783	-1.3627960991963
2.2072000503540	-1.3679967657827
2.2076001167297	-1.3732782485528
2.2079999446869	-1.3786404891731
2.2084000110626	-1.3840811074475
2.2088000774384	-1.3895996795061
2.2091999053955	-1.3951966646023
2.2095999717712	-1.4008683605005
2.2100000381470	-1.4066176782293
2.2104001045227	-1.4124387684608
2.2107999324799	-1.4183358929225
2.2111999988556	-1.4243059047343
2.2116000652313	-1.4303461659861
2.2119998931885	-1.4364577567730
2.2123999595642	-1.4426390274632
2.2128000259399	-1.4488886905137
2.2132000923157	-1.4552061769371
2.2135999202728	-1.4615904741534
2.2139999866486	-1.4680405209615
2.2144000530243	-1.4745562405617
2.2147998809814	-1.4811347087503
2.2151999473572	-1.4877754876995
2.2156000137329	-1.4944782517100
2.2160000801086	-1.5012420665304
2.2163999080658	-1.5080653767804
2.2167999744415	-1.5149468748355
2.2172000408173	-1.5218852594184
2.2176001071930	-1.5288806686214
2.2179999351501	-1.5359325789380
2.2184000015259	-1.5430379567594
2.2188000679016	-1.5501971411106
2.2191998958588	-1.5574089818897
2.2195999622345	-1.5646719510634
2.2200000286102	-1.5719850618356
2.2204000949860	-1.5793475718072
2.2207999229431	-1.5867590227208
2.2211999893188	-1.5942173317750
2.2216000556946	-1.6017224380599
2.2219998836517	-1.6092732519813
2.2223999500275	-1.6168686812699
2.2228000164032	-1.6245075920774
2.2232000827789	-1.6321889694013
2.2235999107361	-1.6399117439524
2.2239999771118	-1.6476758538908
2.2244000434875	-1.6554798499185
2.2248001098633	-1.6633225413645
2.2251999378204	-1.6712040826247
2.2256000041962	-1.6791219880112
2.2260000705719	-1.6870773806439
2.2263998985291	-1.6950674690964
2.2267999649048	-1.7030927866335
2.2272000312805	-1.7111514014250
2.2276000976562	-1.7192448267427
2.2279999256134	-1.7273692535158
2.2283999919891	-1.7355263780898
2.2288000583649	-1.7437144627849
2.2291998863220	-1.7519320815885
2.2295999526978	-1.7601799965576
2.2300000190735	-1.7684564927786
2.2304000854492	-1.7767616014485
2.2307999134064	-1.7850935893112
2.2311999797821	-1.7934529447296
2.2316000461578	-1.8018404659291
2.2320001125336	-1.8102524196325
2.2323999404907	-1.8186902236659
2.2328000068665	-1.8271535701467
2.2332000732422	-1.8356398593725
2.2335999011993	-1.8441508981636
2.2339999675751	-1.8526849748178
2.2344000339508	-1.8612432397046
2.2348001003265	-1.8698226577859
2.2351999282837	-1.8784249367693
2.2355999946594	-1.8870498931251
2.2360000610352	-1.8956966993685
2.2363998889923	-1.9043638356828
2.2367999553680	-1.9130532638783
2.2372000217438	-1.9217628905732
2.2376000881195	-1.9304934842780
2.2379999160767	-1.9392460922014
2.2383999824524	-1.9480157257368
2.2388000488281	-1.9568088204808
2.2392001152039	-1.9656207318817
2.2395999431610	-1.9744541641394
2.2400000095367	-1.9833052489636
2.2404000759125	-1.9921787081330
2.2407999038696	-2.0010717119590
2.2411999702454	-2.0099840634630
2.2416000366211	-2.0189177109102
2.2420001029968	-2.0278709775696
2.2423999309540	-2.0368448894962
2.2427999973297	-2.0458387954481
2.2432000637054	-2.0548546960409
2.2435998916626	-2.0638917073517
2.2439999580383	-2.0729495952414
2.2444000244141	-2.0820293771931
2.2448000907898	-2.0911316355354
2.2451999187469	-2.1002555812197
2.2455999851227	-2.1094028209758
2.2460000514984	-2.1185715239496
2.2464001178741	-2.1277646670468
2.2467999458313	-2.1369833152947
2.2472000122070	-2.1462242533561
2.2476000785828	-2.1554913494205
2.2479999065399	-2.1647828967415
2.2483999729156	-2.1741008882339
2.2488000392914	-2.1834462994464
2.2492001056671	-2.1928178595157
2.2495999336243	-2.2022180557370
2.2500000000000	-2.2116474924234
2.2504000663757	-2.2211057157998
2.2507998943329	-2.2305933637277
2.2511999607086	-2.2401133131424
2.2516000270844	-2.2496637845658
2.2520000934601	-2.2592468464629
2.2523999214172	-2.2688625075565
2.2527999877930	-2.2785137590714
2.2532000541687	-2.2881992388617
2.2535998821259	-2.2979204965615
2.2539999485016	-2.3076795459418
2.2544000148773	-2.3174769334549
2.2548000812531	-2.3273127439601
2.2551999092102	-2.3371875531301
2.2555999755859	-2.3471039215593
2.2560000419617	-2.3570637884104
2.2564001083374	-2.3670658606749
2.2567999362946	-2.3771116207642
2.2572000026703	-2.3872036391176
2.2576000690460	-2.3973419791093
2.2579998970032	-2.4075267750444
2.2583999633789	-2.4177619778336
2.2588000297546	-2.4280477150917
2.2592000961304	-2.4383855582750
2.2595999240875	-2.4487736708675
2.2599999904633	-2.4592175143347
2.2604000568390	-2.4697157637229
2.2607998847961	-2.4802714792880
2.2611999511719	-2.4908847589716
2.2616000175476	-2.5015577209659
2.2620000839233	-2.5122919696997
2.2623999118805	-2.5230876503505
2.2627999782562	-2.5339468750945
2.2632000446320	-2.5448722574541
2.2636001110077	-2.5558624932091
2.2639999389648	-2.5669216821504
2.2644000053406	-2.5780509983531
2.2648000717163	-2.5892506198648
2.2651998996735	-2.6005227309428
2.2655999660492	-2.6118699843365
2.2660000324249	-2.6232916213291
2.2664000988007	-2.6347908302466
2.2667999267578	-2.6463678493185
2.2671999931335	-2.6580263710667
2.2676000595093	-2.6697671702614
2.2679998874664	-2.6815914834770
2.2683999538422	-2.6935005995234
2.2688000202179	-2.7054967884402
2.2692000865936	-2.7175813322382
2.2695999145508	-2.7297560736573
2.2699999809265	-2.7420233038218
2.2704000473022	-2.7543833587879
2.2708001136780	-2.7668401177789
2.2711999416351	-2.7793921793764
2.2716000080109	-2.7920436768491
2.2720000743866	-2.8047957948776
2.2723999023438	-2.8176504137865
2.2727999687195	-2.8306079820513
2.2732000350952	-2.8436716965615
2.2736001014709	-2.8568440736085
2.2739999294281	-2.8701237932945
2.2743999958038	-2.8835159349153
2.2748000621796	-2.8970206793456
2.2751998901367	-2.9106396358879
2.2755999565125	-2.9243761614754
2.2760000228882	-2.9382292062687
2.2764000892639	-2.9522033649584
2.2767999172211	-2.9662983605504
2.2771999835968	-2.9805185717185
2.2776000499725	-2.9948627983459
2.2780001163483	-3.0093351761265
2.2783999443054	-3.0239366123619
2.2788000106812	-3.0386687874016
2.2792000770569	-3.0535327924534
2.2795999050140	-3.0685327667318
2.2799999713898	-3.0836692697991
2.2804000377655	-3.0989438652987
2.2808001041412	-3.1143587527347
2.2811999320984	-3.1299142530181
2.2815999984741	-3.1456155742754
2.2820000648499	-3.1614614249155
2.2823998928070	-3.1774555964144
2.2827999591827	-3.1935992449269
2.2832000255585	-3.2098934379428
2.2836000919342	-3.2263421298803
2.2839999198914	-3.2429440404562
2.2843999862671	-3.2597042916190
2.2848000526428	-3.2766203370248
2.2852001190186	-3.2937001115214
2.2855999469757	-3.3109405088797
2.2860000133514	-3.3283447786455
2.2864000797272	-3.3459162053427
2.2867999076843	-3.3636542274716
2.2871999740601	-3.3815631907887
2.2876000404358	-3.3996436583921
2.2880001068115	-3.4178969904006
2.2883999347687	-3.4363249687338
2.2888000011444	-3.4549294311295
2.2892000675201	-3.4737131158724
2.2895998954773	-3.4926778738732
2.2899999618530	-3.5118248692784
2.2904000282288	-3.5311553892743
2.2908000946045	-3.5506709992503
2.2911999225616	-3.5703759917766
2.2915999889374	-3.5902695188508
2.2920000553131	-3.6103544951473
2.2923998832703	-3.6306328733058
2.2927999496460	-3.6511048648973
2.2932000160217	-3.6717737683092
2.2936000823975	-3.6926403655874
2.2939999103546	-3.7137070010544
2.2943999767303	-3.7349740666462
2.2948000431061	-3.7564463167264
2.2952001094818	-3.7781214718294
2.2955999374390	-3.8000045122622
2.2960000038147	-3.8220944513614
2.2964000701904	-3.8443963563911
2.2967998981476	-3.8669065375934
2.2971999645233	-3.8896316508474
2.2976000308990	-3.9125719171078
2.2980000972748	-3.9357289722441
2.2983999252319	-3.9591007422176
2.2987999916077	-3.9826939247605
2.2992000579834	-4.0065073586376
2.2995998859406	-4.0305435039696
2.2999999523163	-4.0548026717334
2.3004000186920	-4.0792886327160
2.3008000850677	-4.1039995122902
2.3011999130249	-4.1289404895250
2.3015999794006	-4.1541094600871
2.3020000457764	-4.1795098185326
2.3024001121521	-4.2051422178609
2.3027999401093	-4.2310096456043
2.3032000064850	-4.2571107379916
2.3036000728607	-4.2834473789658
2.3039999008179	-4.3100226899800
2.3043999671936	-4.3368370580552
2.3048000335693	-4.3638911451180
2.3052000999451	-4.3911851843586
2.3055999279022	-4.4187229953455
2.3059999942780	-4.4465037415545
2.3064000606537	-4.4745277547060
2.3067998886108	-4.5027981432932
2.3071999549866	-4.5313144033690
2.3076000213623	-4.5600789267344
2.3080000877380	-4.5890921191677
2.3083999156952	-4.6183530805606
2.3087999820709	-4.6478644425926
2.3092000484467	-4.6776266527852
2.3096001148224	-4.7076410624163
2.3099999427795	-4.7379071708001
2.3104000091553	-4.7684259939615
2.3108000755310	-4.7991993646170
2.3111999034882	-4.8302258090870
2.3115999698639	-4.8615076522725
2.3120000362396	-4.8930429570630
2.3124001026154	-4.9248354712713
2.3127999305725	-4.9568829982988
2.3131999969482	-4.9891863479263
2.3136000633240	-5.0217459593479
2.3139998912811	-5.0545629434866
2.3143999576569	-5.0876341654337
2.3148000240326	-5.1209626735481
2.3152000904083	-5.1545471997916
2.3155999183655	-5.1883880730806
2.3159999847412	-5.2224847723945
2.3164000511169	-5.2568377236744
2.3168001174927	-5.2914443998925
2.3171999454498	-5.3263067054827
2.3176000118256	-5.3614227052618
2.3180000782013	-5.3967912557208
2.3183999061584	-5.4324130459925
2.3187999725342	-5.4682870711341
2.3192000389099	-5.5044106569040
2.3196001052856	-5.5407842896816
2.3199999332428	-5.5774060059506
2.3203999996185	-5.6142753568260
2.3208000659943	-5.6513893027868
2.3211998939514	-5.6887475486700
2.3215999603271	-5.7263477305821
2.3220000267029	-5.7641897128172
2.3224000930786	-5.8022690501044
2.3227999210358	-5.8405836462366
2.3231999874115	-5.8791347131005
2.3236000537872	-5.9179159926240
2.3239998817444	-5.9569263236118
2.3243999481201	-5.9961636277357
2.3248000144958	-6.0356243063216
2.3252000808716	-6.0753062342769
2.3255999088287	-6.1152042826188
2.3259999752045	-6.1553166236206
2.3264000415802	-6.1956387527053
2.3268001079559	-6.2361674797554
2.3271999359131	-6.2768994174645
2.3276000022888	-6.3178276368050
2.3280000686646	-6.3589511882436
2.3283998966217	-6.4002635020389
2.3287999629974	-6.4417599488085
2.3292000293732	-6.4834347314408
2.3296000957489	-6.5252836340281
2.3299999237061	-6.5673018941114
2.3303999900818	-6.6094819253238
2.3308000564575	-6.6518177320376
2.3311998844147	-6.6943047805095
2.3315999507904	-6.7369335917313
2.3320000171661	-6.7797003823946
2.3324000835419	-6.8225954434123
2.3327999114990	-6.8656128404354
2.3331999778748	-6.9087440911874
2.3336000442505	-6.9519804541172
2.3340001106262	-6.9953149997251
2.3343999385834	-7.0387380006497
2.3348000049591	-7.0822411133822
2.3352000713348	-7.1258146863484
2.3355998992920	-7.1694488454103
2.3359999656677	-7.2131334101449
2.3364000320435	-7.2568574873598
2.3368000984192	-7.3006112454116
2.3371999263763	-7.3443839801199
2.3375999927521	-7.3881629060698
2.3380000591278	-7.4319360617323
2.3383998870850	-7.4756920540145
2.3387999534607	-7.5194166967176
2.3392000198364	-7.5630990615280
2.3396000862122	-7.6067252287653
2.3399999141693	-7.6502790049751
2.3403999805450	-7.6937493493819
2.3408000469208	-7.7371181638525
2.3412001132965	-7.7803729457590
2.3415999412537	-7.8234984836257
2.3420000076294	-7.8664758773146
2.3424000740051	-7.9092919995751
2.3427999019623	-7.9519291682274
2.3431999683380	-7.9943680508820
2.3436000347137	-8.0365941814855
2.3440001010895	-8.0785887784070
2.3443999290466	-8.1203323323714
2.3447999954224	-8.1618068463740
2.3452000617981	-8.2029922202941
2.3455998897552	-8.2438712646411
2.3459999561310	-8.2844222768822
2.3464000225067	-8.3246253003058
2.3468000888824	-8.3644597110893
2.3471999168396	-8.4039047499491
2.3475999832153	-8.4429399817598
2.3480000495911	-8.4815425399830
2.3484001159668	-8.5196926782491
2.3487999439240	-8.5573664487487
2.3492000102997	-8.5945424835744
2.3496000766754	-8.6311981930162
2.3499999046326	-8.6673102173585
2.3503999710083	-8.7028574413164
2.3508000373840	-8.7378155622146
2.3512001037598	-8.7721629048913
2.3515999317169	-8.8058745295549
2.3519999980927	-8.8389284676160
2.3524000644684	-8.8713019740073
2.3527998924255	-8.9029711581747
2.3531999588013	-8.9339138902909
2.3536000251770	-8.9641055317035
2.3540000915527	-8.9935256687242
2.3543999195099	-9.0221510965429
2.3547999858856	-9.0499584937346
2.3552000522614	-9.0769272034011
2.3556001186371	-9.1030347922366
2.3559999465942	-9.1282605581047
2.3564000129700	-9.1525836688031
2.3568000793457	-9.1759830545091
2.3571999073029	-9.1984380590591
2.3575999736786	-9.2199325380725
2.3580000400543	-9.2404450624113
2.3584001064301	-9.2599580472356
2.3587999343872	-9.2784553832469
2.3592000007629	-9.2959197808824
2.3596000671387	-9.3123345950315
2.3599998950958	-9.3276850776168
2.3603999614716	-9.3419602454692
2.3608000278473	-9.3551419274970
2.3612000942230	-9.3672206713775
2.3615999221802	-9.3781849994391
2.3619999885559	-9.3880247150864
2.3624000549316	-9.3967294736190
2.3627998828888	-9.4042913541198
2.3631999492645	-9.4107046555387
2.3636000156403	-9.4159632033160
2.3640000820160	-9.4200592004133
2.3643999099731	-9.4229927452096
2.3647999763489	-9.4247590012606
2.3652000427246	-9.4253578674103
2.3656001091003	-9.4247868530113
2.3659999370575	-9.4230491289127
2.3664000034332	-9.4201456345786
2.3668000698090	-9.4160807163479
2.3671998977661	-9.4108579221905
2.3675999641418	-9.4044803166923
2.3680000305176	-9.3969587769331
2.3684000968933	-9.3882981395907
2.3687999248505	-9.3785077752048
2.3691999912262	-9.3675974805493
2.3696000576019	-9.3555773753124
2.3699998855591	-9.3424604502985
2.3703999519348	-9.3282596745428
2.3708000183105	-9.3129860007698
2.3712000846863	-9.2966554837542
2.3715999126434	-9.2792849684467
2.3719999790192	-9.2608883403213
2.3724000453949	-9.2414833121426
2.3728001117706	-9.2210868212092
2.3731999397278	-9.1997187376254
2.3736000061035	-9.1773967887972
2.3740000724792	-9.1541387121529
2.3743999004364	-9.1299673864220
2.3747999668121	-9.1049018825178
2.3752000331879	-9.0789627556200
2.3756000995636	-9.0521711685719
2.3759999275208	-9.0245496305280
2.3763999938965	-8.9961193612330
2.3768000602722	-8.9669023941407
2.3771998882294	-8.9369201943058
2.3775999546051	-8.9061978097137
2.3780000209808	-8.8747556551632
2.3784000873566	-8.8426173575173
2.3787999153137	-8.8098052362038
2.3791999816895	-8.7763419452616
2.3796000480652	-8.7422511256126
2.3800001144409	-8.7075548215637
2.3803999423981	-8.6722752543484
2.3808000087738	-8.6364359613129
2.3812000751495	-8.6000582394274
2.3815999031067	-8.5631640709676
2.3819999694824	-8.5257774906162
2.3824000358582	-8.4879186317151
2.3828001022339	-8.4496086562553
2.3831999301910	-8.4108693558111
2.3835999965668	-8.3717212575553
2.3840000629425	-8.3321868650885
2.3843998908997	-8.2922835050467
2.3847999572754	-8.2520328064568
2.3852000236511	-8.2114553768614
2.3856000900269	-8.1705682313344
2.3859999179840	-8.1293919404525
2.3863999843597	-8.0879452899363
2.3868000507355	-8.0462446971894
2.3872001171112	-8.0043090214786
2.3875999450684	-7.9621557560939
2.3880000114441	-7.9198022037671
2.3884000778198	-7.8772638649814
2.3887999057770	-7.8345584905874
2.3891999721527	-7.7917001446186
2.3896000385284	-7.7487057257183
2.3900001049042	-7.7055872903937
2.3903999328613	-7.6623634095422
2.3907999992371	-7.6190453753835
2.3912000656128	-7.5756478374806
2.3915998935699	-7.5321850277092
2.3919999599457	-7.4886683059379
2.3924000263214	-7.4451118204275
2.3928000926971	-7.4015261529469
2.3931999206543	-7.3579234773795
2.3935999870300	-7.3143167503246
2.3940000534058	-7.2707149764788
2.3943998813629	-7.2271297955925
2.3947999477386	-7.1835724999409
2.3952000141144	-7.1400511246255
2.3956000804901	-7.0965768750617
2.3959999084473	-7.0531583603115
2.3963999748230	-7.0098043785939
2.3968000411987	-6.9665246757479
2.3972001075745	-6.9233262882624
2.3975999355316	-6.8802172083020
2.3980000019073	-6.8372068549854
2.3984000682831	-6.7943009234340
2.3987998962402	-6.7515071233288
2.3991999626160	-6.7088335147678
2.3996000289917	-6.6662839145440
2.4000000953674	-6.6238664699495
2.4003999233246	-6.5815890099010
2.4007999897003	-6.5394530768676
2.4012000560760	-6.4974671859554
2.4015998840332	-6.4556368860192
2.4019999504089	-6.4139658852327
2.4024000167847	-6.3724587822749
2.4028000831604	-6.3311221881151
2.4031999111176	-6.2899587221678
2.4035999774933	-6.2489730086732
2.4040000438690	-6.2081705491922
2.4044001102448	-6.1675529770878
2.4047999382019	-6.1271254989615
2.4052000045776	-6.0868905161154
2.4056000709534	-6.0468518640580
2.4059998989105	-6.0070127634218
2.4063999652863	-5.9673752177540
2.4068000316620	-5.9279437167970
2.4072000980377	-5.8887200583234
2.4075999259949	-5.8497059354729
2.4079999923706	-5.8109049716085
2.4084000587463	-5.7723196604729
2.4087998867035	-5.7339493957440
2.4091999530792	-5.6957985007147
2.4096000194550	-5.6578682222070
2.4100000858307	-5.6201606842203
2.4103999137878	-5.5826759843472
2.4107999801636	-5.5454171017878
2.4112000465393	-5.5083859547669
2.4116001129150	-5.4715814632110
2.4119999408722	-5.4350064110632
2.4124000072479	-5.3986605842395
2.4128000736237	-5.3625466327136
2.4131999015808	-5.3266642437506
2.4135999679565	-5.2910150245577
2.4140000343323	-5.2555976273218
2.4144001007080	-5.2204154435416
2.4147999286652	-5.1854670882481
2.4151999950409	-5.1507530294701
2.4156000614166	-5.1162746550364
2.4159998893738	-5.0820323521942
2.4163999557495	-5.0480237529298
2.4168000221252	-5.0142529064862
2.4172000885010	-4.9807173842836
2.4175999164581	-4.9474175177210
2.4179999828339	-4.9143536161579
2.4184000492096	-4.8815268736138
2.4188001155853	-4.8489339437920
2.4191999435425	-4.8165778097958
2.4196000099182	-4.7844569288710
2.4200000762939	-4.7525697659959
2.4203999042511	-4.7209183568447
2.4207999706268	-4.6895002644876
2.4212000370026	-4.6583166506926
2.4216001033783	-4.6273677129133
2.4219999313354	-4.5966493023164
2.4223999977112	-4.5661651801257
2.4228000640869	-4.5359112191917
2.4231998920441	-4.5058902865172
2.4235999584198	-4.4760982784125
2.4240000247955	-4.4465380624822
2.4244000911713	-4.4172047440224
2.4247999191284	-4.3881003138410
2.4251999855042	-4.3592241935584
2.4256000518799	-4.3305758410701
2.4260001182556	-4.3021521579024
2.4263999462128	-4.2739551406399
2.4268000125885	-4.2459800608119
2.4272000789642	-4.2182298227350
2.4275999069214	-4.1907030794396
2.4279999732971	-4.1633968493988
2.4284000396729	-4.1363107209135
2.4288001060486	-4.1094459039869
2.4291999340057	-4.0827986921022
2.4296000003815	-4.0563695057440
2.4300000667572	-4.0301563579663
2.4303998947144	-4.0041605145601
2.4307999610901	-3.9783775870398
2.4312000274658	-3.9528096690128
2.4316000938416	-3.9274532718438
2.4319999217987	-3.9023089326542
2.4323999881744	-3.8773739551031
2.4328000545502	-3.8526489370118
2.4331998825073	-3.8281320972959
2.4335999488831	-3.8038216161673
2.4340000152588	-3.7797173911867
2.4344000816345	-3.7558168497613
2.4347999095917	-3.7321199391950
2.4351999759674	-3.7086265348272
2.4356000423431	-3.6853326007678
2.4360001087189	-3.6622389436867
2.4363999366760	-3.6393447390959
2.4368000030518	-3.6166484191934
2.4372000694275	-3.5941468818823
2.4375998973846	-3.5718417424948
2.4379999637604	-3.5497291835080
2.4384000301361	-3.5278093178731
2.4388000965118	-3.5060807499647
2.4391999244690	-3.4845435510690
2.4395999908447	-3.4631933034937
2.4400000572205	-3.4420325605921
2.4403998851776	-3.4210575680455
2.4407999515533	-3.4002671989374
2.4412000179291	-3.3796600779767
2.4416000843048	-3.3592372282054
2.4419999122620	-3.3389937334990
2.4423999786377	-3.3189321146348
2.4428000450134	-3.2990481905182
2.4432001113892	-3.2793416395732
2.4435999393463	-3.2598120281594
2.4440000057220	-3.2404575721584
2.4444000720978	-3.2212764171724
2.4447999000549	-3.2022675082091
2.4451999664307	-3.1834291525944
2.4456000328064	-3.1647609936990
2.4460000991821	-3.1462614359560
2.4463999271393	-3.1279294639370
2.4467999935150	-3.1097634308240
2.4472000598907	-3.0917616882607
2.4475998878479	-3.0739233745910
2.4479999542236	-3.0562476187291
2.4484000205994	-3.0387321559480
2.4488000869751	-3.0213761196124
2.4491999149323	-3.0041794310185
2.4495999813080	-2.9871385142881
2.4500000476837	-2.9702525287951
2.4504001140594	-2.9535222136534
2.4507999420166	-2.9369454607607
2.4512000083923	-2.9205193154469
2.4516000747681	-2.9042446123154
2.4519999027252	-2.8881185469279
2.4523999691010	-2.8721396297554
2.4528000354767	-2.8563088180710
2.4532001018524	-2.8406230578658
2.4535999298096	-2.8250823145978
2.4539999961853	-2.8096836891388
2.4544000625610	-2.7944255237592
2.4547998905182	-2.7793093628877
2.4551999568939	-2.7643315383396
2.4556000232697	-2.7494920054024
2.4560000896454	-2.7347887434133
2.4563999176025	-2.7202207655309
2.4567999839783	-2.7057868037925
2.4572000503540	-2.6914859477186
2.4576001167297	-2.6773151594408
2.4579999446869	-2.6632753807348
2.4584000110626	-2.6493647351070
2.4588000774384	-2.6355822022731
2.4591999053955	-2.6219261349627
2.4595999717712	-2.6083946457156
2.4600000381470	-2.5949881377711
2.4604001045227	-2.5817034316128
2.4607999324799	-2.5685403609271
2.4611999988556	-2.5554979029990
2.4616000652313	-2.5425756486099
2.4619998931885	-2.5297686684663
2.4623999595642	-2.5170799671563
2.4628000259399	-2.5045073114739
2.4632000923157	-2.4920478228407
2.4635999202728	-2.4797016835204
2.4639999866486	-2.4674668013145
2.4644000530243	-2.4553436197382
2.4647998809814	-2.4433292541735
2.4651999473572	-2.4314233456780
2.4656000137329	-2.4196244170577
2.4660000801086	-2.4079309684387
2.4663999080658	-2.3963427997308
2.4667999744415	-2.3848563314808
2.4672000408173	-2.3734741992241
2.4676001071930	-2.3621920265624
2.4679999351501	-2.3510104047649
2.4684000015259	-2.3399280448673
2.4688000679016	-2.3289425109969
2.4691998958588	-2.3180538556479
2.4695999622345	-2.3072612732498
2.4700000286102	-2.2965618396962
2.4704000949860	-2.2859555137808
2.4707999229431	-2.2754416112894
2.4711999893188	-2.2650185916946
2.4716000556946	-2.2546857050935
2.4719998836517	-2.2444402704567
2.4723999500275	-2.2342833697956
2.4728000164032	-2.2242130781308
2.4732000827789	-2.2142272210573
2.4735999107361	-2.2043258798994
2.4739999771118	-2.1945081858856
2.4744000434875	-2.1847721298522
2.4748001098633	-2.1751175466231
2.4751999378204	-2.1655419914582
2.4756000041962	-2.1560463650933
2.4760000705719	-2.1466287880678
2.4763998985291	-2.1372867614157
2.4767999649048	-2.1280212452968
2.4772000312805	-2.1188303930787
2.4776000976562	-2.1097134534555
2.4779999256134	-2.1006697273653
2.4783999919891	-2.0916971652245
2.4788000583649	-2.0827951316452
2.4791998863220	-2.0739635323520
2.4795999526978	-2.0651996653880
2.4800000190735	-2.0565042677604
2.4804000854492	-2.0478759092815
2.4807999134064	-2.0393132149290
2.4811999797821	-2.0308147690224
2.4816000461578	-2.0223808471041
2.4820001125336	-2.0140102804263
2.4823999404907	-2.0057014835196
2.4828000068665	-1.9974537380433
2.4832000732422	-1.9892665564900
2.4835999011993	-1.9811385742106
2.4839999675751	-1.9730698805780
2.4844000339508	-1.9650574938986
2.4848001003265	-1.9571024730001
2.4851999282837	-1.9492043201632
2.4855999946594	-1.9413595800535
2.4860000610352	-1.9335701803798
2.4863998889923	-1.9258336939821
2.4867999553680	-1.9181498051781
2.4872000217438	-1.9105178372567
2.4876000881195	-1.9029358941853
2.4879999160767	-1.8954052447107
2.4883999824524	-1.8879237956094
2.4888000488281	-1.8804902757844
2.4892001152039	-1.8731046367219
2.4895999431610	-1.8657666223511
2.4900000095367	-1.8584743625620
2.4904000759125	-1.8512286283792
2.4907999038696	-1.8440272468149
2.4911999702454	-1.8368694687284
2.4916000366211	-1.8297559641932
2.4920001029968	-1.8226847795669
2.4923999309540	-1.8156561643952
2.4927999973297	-1.8086684885930
2.4932000637054	-1.8017228152402
2.4935998916626	-1.7948157892517
2.4939999580383	-1.7879487946296
2.4944000244141	-1.7811202816482
2.4948000907898	-1.7743315233712
2.4951999187469	-1.7675791795097
2.4955999851227	-1.7608639295628
2.4960000514984	-1.7541856384168
2.4964001178741	-1.7475428718593
2.4967999458313	-1.7409360890410
2.4972000122070	-1.7343639663650
2.4976000785828	-1.7278265889995
2.4979999065399	-1.7213228999956
2.4983999729156	-1.7148519137120
2.4988000392914	-1.7084145682165
2.4992001056671	-1.7020093252804
2.4995999336243	-1.6956363834401
2.5000000000000	-1.6892942086695
2.5004000663757	-1.6829827794505
2.5007998943329	-1.6767036080091
2.5011999607086	-1.6704530380980
2.5016000270844	-1.6642328060459
2.5020000934601	-1.6580420761675
2.5023999214172	-1.6518808238654
2.5027999877930	-1.6457476310184
2.5032000541687	-1.6396434108182
2.5035998821259	-1.6335665052535
2.5039999485016	-1.6275165483865
2.5044000148773	-1.6214946758927
2.5048000812531	-1.6154997007376
2.5051999092102	-1.6095309041908
2.5055999755859	-1.6035905723433
2.5060000419617	-1.5976738211528
2.5064001083374	-1.5917837428790
2.5067999362946	-1.5859198464018
2.5072000026703	-1.5800817510301
2.5076000690460	-1.5742682758865
2.5079998970032	-1.5684804228571
2.5083999633789	-1.5627162037149
2.5088000297546	-1.5569774253188
2.5092000961304	-1.5512625545740
2.5095999240875	-1.5455722488397
2.5099999904633	-1.5399061170289
2.5104000568390	-1.5342636724260
2.5107998847961	-1.5286452112005
2.5111999511719	-1.5230505761018
2.5116000175476	-1.5174791612040
2.5120000839233	-1.5119320644076
2.5123999118805	-1.5064077503044
2.5127999782562	-1.5009066247668
2.5132000446320	-1.4954298976326
2.5136001110077	-1.4899751447512
2.5139999389648	-1.4845445834481
2.5144000053406	-1.4791367974904
2.5148000717163	-1.4737516210323
2.5151998996735	-1.4683909406692
2.5155999660492	-1.4630530936731
2.5160000324249	-1.4577375949062
2.5164000988007	-1.4524453954693
2.5167999267578	-1.4471766931288
2.5171999931335	-1.4419315020023
2.5176000595093	-1.4367094594547
2.5179998874664	-1.4315106991326
2.5183999538422	-1.4263349848647
2.5188000202179	-1.4211823222501
2.5192000865936	-1.4160553795043
2.5195999145508	-1.4109502661176
2.5199999809265	-1.4058685932839
2.5204000473022	-1.4008115373523
2.5208001136780	-1.3957799708858
2.5211999416351	-1.3907707384855
2.5216000080109	-1.3857860728020
2.5220000743866	-1.3808252367250
2.5223999023438	-1.3758895682515
2.5227999687195	-1.3709796799210
2.5232000350952	-1.3660934376430
2.5236001014709	-1.3612320090041
2.5239999294281	-1.3563961717375
2.5243999958038	-1.3515856021332
2.5248000621796	-1.3468002029678
2.5251998901367	-1.3420411332767
2.5255999565125	-1.3373078089989
2.5260000228882	-1.3326013564748
2.5264000892639	-1.3279203609135
2.5267999172211	-1.3232666711916
2.5271999835968	-1.3186395014100
2.5276000499725	-1.3140389569539
2.5280001163483	-1.3094656235485
2.5283999443054	-1.3049201069702
2.5288000106812	-1.3004015352724
2.5292000770569	-1.2959115924941
2.5295999050140	-1.2914497997115
2.5299999713898	-1.2870160875036
2.5304000377655	-1.2826118550142
2.5308001041412	-1.2782358380036
2.5311999320984	-1.2738894348860
2.5315999984741	-1.2695716395415
2.5320000648499	-1.2652833206688
2.5323998928070	-1.2610264183948
2.5327999591827	-1.2567979188596
2.5332000255585	-1.2526005672522
2.5336000919342	-1.2484340193235
2.5339999198914	-1.2442982188397
2.5343999862671	-1.2401938951491
2.5348000526428	-1.2361215230968
2.5352001190186	-1.2320798258457
2.5355999469757	-1.2280704784945
2.5360000133514	-1.2240938241520
2.5364000797272	-1.2201491323752
2.5367999076843	-1.2162376713150
2.5371999740601	-1.2123583198962
2.5376000404358	-1.2085126222775
2.5380001068115	-1.2047011815588
2.5383999347687	-1.2009222181792
2.5388000011444	-1.1971787180533
2.5392000675201	-1.1934681302793
2.5395998954773	-1.1897923909951
2.5399999618530	-1.1861509189128
2.5404000282288	-1.1825456475764
2.5408000946045	-1.1789741844058
2.5411999225616	-1.1754388126493
2.5415999889374	-1.1719386113086
2.5420000553131	-1.1684738130502
2.5423998832703	-1.1650457918039
2.5427999496460	-1.1616534995427
2.5432000160217	-1.1582971748557
2.5436000823975	-1.1549784737133
2.5439999103546	-1.1516959361798
2.5443999767303	-1.1484506084009
2.5448000431061	-1.1452424511962
2.5452001094818	-1.1420709087068
2.5455999374390	-1.1389372313739
2.5460000038147	-1.1358412737426
2.5464000701904	-1.1327825154309
2.5467998981476	-1.1297621883613
2.5471999645233	-1.1267798920697
2.5476000308990	-1.1238348602524
2.5480000972748	-1.1209290429861
2.5483999252319	-1.1180614571907
2.5487999916077	-1.1152317950549
2.5492000579834	-1.1124395967670
2.5495998859406	-1.1096879155644
2.5499999523163	-1.1069738145577
2.5504000186920	-1.1042983064829
2.5508000850677	-1.1016615305694
2.5511999130249	-1.0990639907379
2.5515999794006	-1.0965045296740
2.5520000457764	-1.0939840860335
2.5524001121521	-1.0915021680179
2.5527999401093	-1.0890598595047
2.5532000064850	-1.0866557278668
2.5536000728607	-1.0842890071083
2.5539999008179	-1.0819631039899
2.5543999671936	-1.0796744910372
2.5548000335693	-1.0774244359397
2.5552000999451	-1.0752132573098
2.5555999279022	-1.0730396158768
2.5559999942780	-1.0709056997351
2.5564000606537	-1.0688084640236
2.5567998886108	-1.0667497495948
2.5571999549866	-1.0647276304939
2.5576000213623	-1.0627441993758
2.5580000877380	-1.0607986420851
2.5583999156952	-1.0588887555188
2.5587999820709	-1.0570171971269
2.5592000484467	-1.0551823419978
2.5596001148224	-1.0533839536198
2.5599999427795	-1.0516215118631
2.5604000091553	-1.0498956693807
2.5608000755310	-1.0482053029607
2.5611999034882	-1.0465504360894
2.5615999698639	-1.0449312650761
2.5620000362396	-1.0433460215620
2.5624001026154	-1.0417963404126
2.5627999305725	-1.0402798856505
2.5631999969482	-1.0387975121407
2.5636000633240	-1.0373479904063
2.5639998912811	-1.0359324216361
2.5643999576569	-1.0345495903734
2.5648000240326	-1.0331977098834
2.5652000904083	-1.0318781613333
2.5655999183655	-1.0305904599679
2.5659999847412	-1.0293325230941
2.5664000511169	-1.0281051969814
2.5668001174927	-1.0269082256990
2.5671999454498	-1.0257396709772
2.5676000118256	-1.0246005374501
2.5680000782013	-1.0234884357836
2.5683999061584	-1.0224048698010
2.5687999725342	-1.0213484990763
2.5692000389099	-1.0203179036306
2.5696001052856	-1.0193127299452
2.5699999332428	-1.0183334017223
2.5703999996185	-1.0173784049528
2.5708000659943	-1.0164470347646
2.5711998939514	-1.0155392427633
2.5715999603271	-1.0146525440632
2.5720000267029	-1.0137883529096
2.5724000930786	-1.0129458124179
2.5727999210358	-1.0121226163965
2.5731999874115	-1.0113187183877
2.5736000537872	-1.0105337567757
2.5739998817444	-1.0097673651456
2.5743999481201	-1.0090170857602
2.5748000144958	-1.0082848120134
2.5752000808716	-1.0075663160990
2.5755999088287	-1.0068630115841
2.5759999752045	-1.0061732509947
2.5764000415802	-1.0054968326715
2.5768001079559	-1.0048329254387
2.5771999359131	-1.0041798682945
2.5776000022888	-1.0035360470485
2.5780000686646	-1.0029030100788
2.5783998966217	-1.0022789358797
2.5787999629974	-1.0016609461428
2.5792000293732	-1.0010499231312
2.5796000957489	-1.0004447331050
2.5799999237061	-0.99984403523778
2.5803999900818	-0.99924714487394
2.5808000564575	-0.99865359839036
2.5811998844147	-0.99806183081833
2.5815999507904	-0.99747009519340
2.5820000171661	-0.99687866306352
2.5824000835419	-0.99628537653328
2.5827999114990	-0.99569021349689
2.5831999778748	-0.99509167872814
2.5836000442505	-0.99448813457174
2.5840001106262	-0.99388045848705
2.5843999385834	-0.99326625547262
2.5848000049591	-0.99264411171369
2.5852000713348	-0.99201358833034
2.5855998992920	-0.99137502086564
2.5859999656677	-0.99072298227338
2.5864000320435	-0.99006117287469
2.5868000984192	-0.98938747517442
2.5871999263763	-0.98869835925869
2.5875999927521	-0.98799609498530
2.5880000591278	-0.98727741884833
2.5883998870850	-0.98654129113635
2.5887999534607	-0.98578815749333
2.5892000198364	-0.98501595830804
2.5896000862122	-0.98422291637595
2.5899999141693	-0.98340999566714
2.5903999805450	-0.98257520596176
2.5908000469208	-0.98171630170175
2.5912001132965	-0.98083496052545
2.5915999412537	-0.97992671790699
2.5920000076294	-0.97899473197533
2.5924000740051	-0.97803407346509
2.5927999019623	-0.97704673995977
2.5931999683380	-0.97602898750305
2.5936000347137	-0.97498299131899
2.5940001010895	-0.97390550184889
2.5943999290466	-0.97279613627549
2.5947999954224	-0.97165348044601
2.5952000617981	-0.97047866770054
2.5955998897552	-0.96926958708752
2.5959999561310	-0.96802468135386
2.5964000225067	-0.96674289796145
2.5968000888824	-0.96542591606499
2.5971999168396	-0.96407057756911
2.5975999832153	-0.96267509865675
2.5980000495911	-0.96124221457369
2.5984001159668	-0.95976898161866
2.5987999439240	-0.95825511566544
2.5992000102997	-0.95669917693380
2.5996000766754	-0.95510283373672
2.5999999046326	-0.95346256260677
